0
0.040955
0.12287
0.16382
0.24573
0.32763
0.49146
0.53241
0.61432
0.69624
0.86007
0.94198
1.1468
1.3106
1.3925
1.5973
1.5973
1.7611
1.8839
2.0068
2.0478
2.1297
2.2116
2.2935
2.3754
2.4983
2.4983
2.4164
2.3754
2.2935
2.2935
2.2116
2.2116
2.1297
2.0068
2.0068
1.9249
1.9659
1.843
1.7201
1.5973
1.5563
1.4334
1.3925
1.2696
1.1058
0.98293
0.90101
0.77815
0.69624
0.61432
0.61432
0.49146
0.3686
0.28669
0.12287
0.040955
-0.040955
-0.20478
-0.32763
-0.49146
-0.57338
-0.73721
-0.94198
-1.0648
-1.2287
-1.3925
-1.5153
-1.7611
-1.9249
-2.0887
-2.2935
-2.2116
-2.0887
-2.0068
-2.0068
-2.0068
-1.9249
-1.7611
-1.6792
-1.6382
-1.5973
-1.4744
-1.4334
-1.3106
-1.2287
-1.1468
-1.1058
-0.98293
-0.90101
-0.86007
-0.8191
-0.65529
-0.57338
-0.49146
-0.32763
-0.20478
-0.040955
0.08191
0.24573
0.32763
0.45052
0.57338
0.65529
0.86007
1.0239
1.1468
1.3106
1.4744
1.6792
1.843
1.9659
2.1297
2.2116
2.3754
2.4983
2.621
2.744
2.9487
3.1125
3.2763
3.4402
3.686
3.9317
4.1775
4.5052
4.7917
4.9146
5.2832
5.5291
5.9385
6.3071
6.7577
7.0853
7.413
7.5768
7.6177
7.4539
7.413
7.2492
7.1671
7.0853
7.0444
6.7577
6.7168
6.5529
6.43
6.3891
6.2253
6.0615
5.9385
5.8156
5.6109
5.447
5.3241
5.1194
4.9555
4.7099
4.464
4.1364
3.9317
3.686
3.5222
3.1946
2.9487
2.621
2.4573
2.2935
2.1297
1.9659
1.7611
1.5563
1.3925
1.3106
1.0239
0.90101
0.65529
0.49146
0.32763
0.24573
0.12287
-0.040955
-0.28669
-0.45052
-0.61432
-0.86007
-0.98293
-1.1877
-1.3515
-1.4744
-1.6792
-1.9249
-2.1297
-2.3345
-2.6622
-2.826
-3.0716
-3.3993
-3.686
-3.9317
-4.2184
-4.587
-4.8738
-5.1603
-5.57
-5.8976
-6.2662
-6.5118
-6.8395
-7.0033
-7.2492
-7.5357
-7.4539
-7.3309
-7.2492
-7.2492
-7.1671
-7.0853
-6.9624
-6.9215
-6.7986
-6.7168
-6.5938
-6.5118
-6.43
-6.3891
-6.1432
-6.0615
-5.8976
-5.8156
-5.6929
-5.4879
-5.2832
-5.0785
-4.8738
-4.6279
-4.4232
-4.1775
-3.9726
-3.7678
-3.604
-3.4402
-3.2355
-3.0307
-2.7849
-2.5392
-2.2525
-2.0068
-1.843
-1.5153
-1.2696
-0.98293
-0.73721
-0.49146
-0.3686
-0.16382
0.12287
0.3686
0.61432
0.77815
1.0239
1.2287
1.4744
1.7201
1.9249
2.0478
2.2116
2.4164
2.621
2.8669
3.0716
3.3175
3.686
3.9317
4.3002
4.6279
4.9964
5.3241
5.7747
6.5529
7.0444
7.2901
7.5768
7.6995
7.5357
7.4539
7.3309
7.2492
7.1262
7.0033
7.0033
6.8806
6.7168
6.5938
6.3891
6.2253
6.1024
5.9385
5.6929
5.4879
5.2832
5.0785
4.7917
4.5461
4.3823
4.1364
3.9317
3.6452
3.3993
3.1537
2.8669
2.621
2.4164
2.1297
1.843
1.6792
1.4744
1.2696
0.94198
0.69624
0.53241
0.24573
0.040955
-0.20478
-0.53241
-0.8191
-1.0648
-1.2696
-1.5563
-1.7611
-1.9659
-2.2525
-2.7031
-3.0307
-3.3993
-3.7269
-4.0137
-4.3823
-4.8329
-5.2014
-5.6109
-5.8567
-6.1844
-6.6756
-6.9624
-7.1671
-7.3309
-7.4948
-7.4948
-7.3721
-7.2083
-7.1262
-6.8806
-6.8806
-6.5938
-6.43
-6.2253
-5.9794
-5.8156
-5.6518
-5.447
-5.0785
-4.8329
-4.587
-4.3414
-4.0955
-3.8087
-3.604
-3.3175
-3.0716
-2.6622
-2.2935
-1.9659
-1.5563
-1.2287
-1.0239
-0.53241
-0.24573
0
0.40955
0.65529
0.94198
1.2696
1.5563
1.9659
2.2525
2.6622
2.8669
3.1946
3.604
3.9726
4.3823
4.669
5.0785
5.447
5.8567
6.3891
6.8395
7.3309
7.6177
8.191
8.7236
9.0922
9.5837
10.157
10.73
11.222
11.672
12.287
12.696
13.147
13.597
13.966
14.252
14.416
14.375
14.334
14.375
14.293
14.171
14.13
14.007
13.884
13.761
13.597
13.392
13.229
12.983
12.737
12.491
12.205
11.877
11.549
11.181
10.771
10.321
9.9522
9.6246
9.174
8.5598
8.1092
7.5768
7.2083
6.6756
6.1432
5.6109
5.2014
4.669
4.2593
3.3175
2.8669
2.4164
1.9249
1.4744
1.0239
0.49146
0.16382
-0.24573
-0.90101
-1.4744
-1.8839
-2.4164
-2.8669
-3.2355
-3.5631
-4.0546
-4.464
-4.8738
-5.3241
-5.8976
-6.2253
-6.6347
-7.2083
-7.7815
-8.396
-9.0922
-9.7064
-10.444
-11.345
-11.918
-12.737
-13.352
-14.048
-14.662
-14.99
-14.949
-14.949
-14.867
-14.703
-14.621
-14.58
-14.539
-14.457
-14.334
-14.252
-14.089
-13.966
-13.761
-13.556
-13.311
-13.065
-12.696
-12.287
-11.836
-11.468
-10.935
-10.362
-9.9113
-9.2969
-8.8054
-8.4369
-8.1501
-7.6177
-7.0033
-6.5938
-6.0615
-5.6518
-5.2832
-4.7099
-4.0546
-3.5222
-3.1125
-2.621
-2.1297
-1.6382
-1.3925
-1.0239
-0.45052
0
0.53241
0.98293
1.3925
2.1706
2.6622
3.1946
3.8499
4.3823
5.0785
6.0206
6.6756
7.4539
8.1092
8.6825
9.5016
10.239
10.812
11.468
12.205
12.655
13.188
13.884
14.539
15.195
15.522
15.44
15.317
15.276
15.195
15.072
14.908
14.744
14.621
14.416
14.293
14.13
14.007
13.802
13.597
13.392
13.065
12.778
12.451
12.205
11.836
11.508
11.222
10.853
10.485
9.9522
9.5016
9.0922
8.5598
8.0683
7.6177
7.1262
6.7577
6.2253
5.6929
5.1603
4.669
4.1775
3.686
3.1946
2.5801
2.0887
1.6382
1.3106
0.73721
0.16382
-0.20478
-0.73721
-1.2696
-1.8839
-2.5801
-3.1946
-3.8908
-4.5461
-5.1194
-5.7338
-6.348
-7.0033
-7.6586
-8.273
-8.8872
-9.5837
-10.362
-11.058
-11.713
-12.369
-13.065
-13.72
-14.212
-14.539
-14.867
-14.826
-14.785
-14.703
-14.621
-14.416
-14.334
-14.13
-13.925
-13.802
-13.474
-13.147
-12.819
-12.532
-12.082
-11.672
-11.304
-10.894
-10.444
-9.9113
-9.4198
-8.9692
-8.6825
-8.2321
-7.8633
-7.4539
-6.7986
-6.4709
-5.9794
-5.3241
-4.9146
-4.5052
-4.0955
-3.5631
-3.1946
-2.5392
-2.1706
-1.7611
-1.3106
-0.8191
-0.53241
0
0.49146
0.90101
1.3925
1.9249
2.5801
3.1125
3.4813
3.9317
4.3823
5.0376
5.5291
5.8976
6.4709
6.8395
7.2901
7.7406
8.4369
9.051
9.4198
9.9113
10.485
11.14
11.631
12.369
12.942
13.597
14.293
15.031
15.686
16.464
17.447
18.02
18.799
19.29
19.782
20.273
20.723
21.01
21.174
21.133
20.969
20.805
20.682
20.642
20.396
20.396
20.191
19.986
19.822
19.659
19.331
19.208
18.799
18.512
18.266
17.856
17.406
17.038
16.546
16.014
15.522
14.867
14.375
13.761
13.147
12.614
12
11.263
10.403
9.8293
9.051
8.396
7.7406
7.0444
6.2662
5.3241
4.7508
3.9726
2.9898
2.1297
1.2287
0.45052
-0.16382
-1.1468
-1.7611
-2.4164
-3.3175
-4.0546
-4.6279
-5.3241
-6.0206
-6.5118
-7.0853
-7.9045
-8.396
-9.174
-10.034
-10.608
-11.345
-12.287
-13.024
-13.761
-14.621
-15.358
-16.259
-17.078
-17.693
-18.635
-19.331
-19.986
-20.56
-21.092
-21.665
-21.87
-22.075
-22.075
-22.116
-21.952
-21.87
-21.788
-21.665
-21.461
-21.338
-21.133
-20.969
-20.723
-20.396
-20.15
-19.904
-19.659
-19.208
-18.758
-18.225
-17.611
-17.16
-16.71
-16.055
-15.399
-14.621
-13.72
-13.229
-12.655
-12.123
-11.59
-10.935
-10.608
-10.034
-9.4607
-8.6825
-8.0683
-7.5357
-6.8395
-6.2253
-5.6518
-4.9964
-4.464
-3.8499
-3.3175
-2.9078
-2.3345
-1.7611
-1.1468
-0.53241
0.12287
0.77815
1.3515
1.9659
2.5392
3.2355
3.8908
4.3823
5.0785
5.6518
6.5118
7.1262
7.9045
8.7236
9.4198
9.9522
10.608
11.426
12.164
12.983
13.843
14.662
15.44
16.423
17.324
18.758
19.495
20.068
20.723
21.174
21.461
21.379
21.297
21.256
21.092
20.969
20.928
20.723
20.56
20.437
20.232
19.945
19.618
19.29
19.003
18.635
18.102
17.57
17.078
16.546
16.014
15.563
14.99
14.539
14.007
13.433
12.778
12.082
11.386
10.771
10.116
9.4607
8.8054
8.191
7.6586
6.9215
6.348
5.6929
5.1603
4.587
4.0955
3.4813
3.0307
2.1297
1.3925
0.65529
0.12287
-0.49146
-1.1877
-1.8839
-2.4983
-3.1537
-3.9317
-4.7508
-5.4061
-6.1024
-6.8395
-7.4948
-8.2321
-8.8054
-9.5425
-10.198
-11.017
-11.672
-12.328
-12.942
-13.597
-14.212
-14.826
-15.563
-16.095
-16.71
-17.57
-18.307
-19.044
-19.659
-20.314
-21.01
-21.543
-21.829
-22.075
-21.993
-21.911
-21.829
-21.625
-21.461
-21.215
-20.887
-20.642
-20.396
-19.986
-19.577
-19.249
-18.676
-18.02
-17.242
-16.546
-15.85
-15.235
-14.58
-13.925
-13.352
-12.696
-12.082
-11.345
-10.526
-9.9113
-9.256
-8.6416
-8.1501
-7.6995
-7.1671
-6.7168
-6.2662
-5.5291
-4.9146
-4.1364
-3.5222
-2.8669
-2.2116
-1.7201
-1.0648
-0.61432
0.040955
0.86007
1.4334
2.0478
2.826
3.3584
4.0546
4.9146
5.7338
6.5118
7.2901
8.0683
8.7645
9.3787
10.034
10.935
11.631
12.573
13.269
13.72
14.539
15.317
16.3
17.16
18.02
18.799
19.536
20.273
21.051
21.993
22.935
23.631
24.369
25.024
25.801
26.416
26.909
27.236
27.48
27.236
27.277
27.153
27.071
26.866
26.825
26.825
26.497
26.294
26.048
25.72
25.514
25.31
24.901
24.573
24.205
23.836
23.345
22.73
22.075
21.461
20.682
20.068
19.413
18.758
17.979
17.365
16.996
16.382
15.522
14.785
14.007
13.065
12.164
11.386
10.812
10.157
9.4198
8.7645
7.8633
6.9624
6.0206
4.9555
3.8499
2.9487
1.9249
1.1058
0.49146
-0.08191
-0.77815
-1.5563
-2.3345
-3.1125
-3.8087
-4.3823
-5.2832
-6.0206
-6.9624
-7.6177
-8.4369
-9.2969
-10.075
-10.894
-11.713
-12.328
-12.983
-13.802
-14.293
-15.031
-15.727
-16.464
-17.16
-17.938
-18.676
-19.29
-20.15
-20.805
-21.665
-22.075
-22.771
-23.386
-24.041
-24.696
-25.555
-26.294
-26.909
-27.645
-27.973
-28.341
-28.219
-28.136
-28.054
-27.973
-27.808
-27.727
-27.605
-27.358
-27.153
-26.825
-26.622
-26.253
-25.842
-25.433
-24.901
-24.409
-23.918
-23.468
-22.894
-22.362
-21.706
-21.174
-20.396
-19.782
-19.126
-18.307
-17.816
-17.078
-16.423
-15.891
-15.276
-14.744
-14.007
-13.392
-12.614
-11.959
-11.426
-10.812
-9.9931
-9.3378
-8.6416
-7.8633
-7.0853
-6.4709
-5.7338
-5.0376
-4.2184
-3.604
-2.9898
-2.4164
-1.6792
-0.90101
-0.20478
0.20478
1.0239
1.7201
2.4164
3.1537
3.8908
4.6279
5.3652
6.1024
7.0444
7.6177
8.3548
9.3378
10.403
11.59
12.287
13.352
13.966
14.539
15.317
16.341
17.365
18.143
19.126
19.822
20.601
21.338
22.485
23.508
24.123
24.901
25.72
26.375
26.99
27.277
27.645
27.767
27.686
27.645
27.521
27.399
27.358
27.193
27.031
26.866
26.662
26.335
26.088
25.842
25.514
25.31
24.901
24.614
24.123
23.631
23.222
22.607
22.116
21.583
21.092
20.642
19.986
19.372
18.88
18.389
17.775
17.038
16.546
15.932
14.99
14.13
13.311
12.573
11.713
11.058
10.648
10.116
9.4198
8.5187
7.8224
7.1262
6.5118
5.6929
4.7508
4.0955
2.9898
2.1706
1.4744
0.61432
-0.040955
-0.69624
-1.2287
-1.7611
-2.4164
-3.0716
-4.0955
-4.7508
-5.3652
-5.8976
-6.5938
-7.3721
-8.0272
-8.8872
-9.6655
-10.28
-11.099
-11.754
-12.491
-13.065
-13.843
-14.334
-14.99
-15.686
-16.423
-17.406
-18.143
-18.799
-19.618
-20.478
-21.133
-22.157
-22.894
-23.508
-24.082
-24.983
-25.639
-26.129
-26.744
-27.318
-27.645
-28.219
-28.504
-28.71
-28.669
-28.588
-28.504
-28.423
-28.26
-28.095
-27.932
-27.767
-27.521
-27.193
-26.909
-26.538
-26.129
-25.72
-25.269
-24.737
-24.041
-23.426
-22.73
-22.157
-21.543
-20.642
-20.109
-19.618
-19.003
-18.43
-17.693
-17.078
-16.382
-16.095
-15.727
