-0.003
-0.003
-0.005
-0.009
-0.015
-0.305
-0.704
-1.126
-1.472
-1.808
-2.105
-2.291
-2.357
-2.389
-2.399
-2.399
-2.398
-2.395
-2.387
-2.376
-2.365
-2.354
-2.341
-2.327
-2.311
-2.295
-2.278
-2.262
-2.243
-2.217
-2.167
-2.075
-1.974
-1.868
-1.754
-1.654
-1.557
-1.45
-1.354
-1.259
-1.166
-1.063
-0.97
-0.877
-0.782
-0.674
-0.571
-0.46
-0.335
-0.183
-0.039
0.107
0.267
0.414
0.559
0.717
0.859
0.999
1.138
1.275
1.423
1.556
1.687
1.83
1.957
2.082
2.205
2.338
2.456
2.572
2.686
2.807
2.912
3.016
3.076
3.08
3.012
2.895
2.781
2.667
2.556
2.447
2.335
2.234
2.133
2.025
1.928
1.832
1.727
1.633
1.538
1.438
1.309
1.144
0.945
0.742
0.542
0.325
0.13
-0.062
-0.271
-0.46
-0.647
-0.832
-1.031
-1.227
-1.401
-1.556
-1.724
-1.904
-2.061
-2.206
-2.331
-2.399
-2.427
-2.434
-2.434
-2.432
-2.431
-2.427
-2.423
-2.416
-2.408
-2.395
-2.374
-2.34
-2.285
-2.21
-2.115
-2.026
-1.935
-1.844
-1.75
-1.664
-1.577
-1.479
-1.384
-1.277
-1.145
-1.017
-0.885
-0.751
-0.603
-0.469
-0.336
-0.191
-0.06
0.07
0.198
0.338
0.464
0.589
0.713
0.847
0.968
1.087
1.217
1.333
1.448
1.573
1.684
1.795
1.903
2.021
2.126
2.229
2.33
2.43
2.537
2.631
2.724
2.821
2.905
2.976
3.01
2.968
2.87
2.753
2.619
2.497
2.378
2.254
2.143
2.033
1.925
1.817
1.7
1.593
1.484
1.372
1.225
1.054
0.858
0.644
0.452
0.262
0.075
-0.129
-0.313
-0.495
-0.675
-0.872
-1.047
-1.22
-1.39
-1.572
-1.734
-1.908
-2.06
-2.202
-2.323
-2.403
-2.436
-2.444
-2.442
-2.437
-2.426
-2.412
-2.396
-2.377
-2.359
-2.337
-2.31
-2.274
-2.22
-2.148
-2.072
-1.991
-1.898
-1.811
-1.725
-1.622
-1.52
-1.41
-1.291
-1.154
-1.026
-0.896
-0.764
-0.632
-0.488
-0.358
-0.216
-0.088
0.039
0.164
0.302
0.425
0.548
0.669
0.789
0.919
1.037
1.165
1.279
1.392
1.504
1.614
1.734
1.841
1.946
2.06
2.162
2.262
2.36
2.466
2.56
2.66
2.749
2.834
2.912
2.974
2.979
2.908
2.8
2.671
2.553
2.425
2.313
2.205
2.088
1.982
1.877
1.772
1.655
1.544
1.418
1.248
1.036
0.843
0.652
0.445
0.26
0.079
-0.1
-0.185
-0.374
-0.561
-0.747
-0.948
-1.128
-1.305
-1.496
-1.666
-1.832
-1.998
-2.174
-2.33
-2.483
-2.632
-2.793
-2.935
-3.074
-3.223
-3.355
-3.483
-3.604
-3.717
-3.826
-3.908
-3.998
-4.047
-4.085
-4.121
-4.152
-4.18
-4.205
-4.228
-4.244
-4.251
-4.25
-4.24
-4.195
-4.104
-3.998
-3.881
-3.775
-3.67
-3.56
-3.459
-3.346
-3.18
-2.999
-2.801
-2.594
-2.361
-2.144
-1.923
-1.7
-1.45
-1.219
-0.961
-0.724
-0.485
-0.241
0.007
0.283
0.535
0.788
1.038
1.286
1.558
1.802
2.07
2.311
2.549
2.784
3.016
3.247
3.496
3.72
3.938
4.173
4.381
4.583
4.786
4.902
4.959
4.965
4.932
4.882
4.826
4.763
4.687
4.607
4.51
4.385
4.195
3.999
3.782
3.586
3.393
3.202
2.993
2.802
2.603
2.371
2.049
1.742
1.408
1.109
0.812
0.519
0.229
-0.087
-0.373
-0.656
-0.936
-1.241
-1.514
-1.784
-2.075
-2.336
-2.593
-2.843
-3.11
-3.344
-3.557
-3.74
-3.917
-4.063
-4.177
-4.275
-4.334
-4.368
-4.396
-4.417
-4.431
-4.434
-4.411
-4.325
-4.227
-4.128
-4.019
-3.919
-3.809
-3.701
-3.561
-3.336
-3.067
-2.775
-2.515
-2.258
-2.006
-1.73
-1.483
-1.237
-0.967
-0.723
-0.48
-0.239
0.023
0.26
0.494
0.727
0.957
1.208
1.435
1.659
1.905
2.127
2.348
2.59
2.807
3.022
3.235
3.466
3.672
3.875
4.074
4.287
4.475
4.651
4.803
4.871
4.904
4.906
4.865
4.795
4.717
4.631
4.552
4.469
4.365
4.251
4.086
3.877
3.628
3.4
3.176
2.954
2.736
2.498
2.284
2.071
1.839
1.623
1.384
1.085
0.797
0.509
0.221
-0.093
-0.376
-0.658
-0.937
-1.242
-1.514
-1.785
-2.075
-2.339
-2.597
-2.872
-3.118
-3.359
-3.59
-3.834
-4.028
-4.184
-4.304
-4.372
-4.423
-4.461
-4.479
-4.483
-4.481
-4.421
-4.333
-4.245
-4.147
-4.058
-3.96
-3.871
-3.782
-3.666
-3.506
-3.264
-2.987
-2.714
-2.445
-2.153
-1.891
-1.632
-1.351
-1.095
-0.816
-0.564
-0.314
-0.065
0.205
0.449
0.69
0.929
1.189
1.423
1.678
1.907
2.134
2.359
2.58
2.822
3.039
3.253
3.485
3.694
3.899
4.101
4.317
4.503
4.64
4.734
4.786
4.814
4.808
4.736
4.653
4.563
4.481
4.4
4.312
4.231
4.15
4.031
3.871
3.677
3.473
3.248
3.043
2.839
2.633
2.423
2.167
1.908
1.639
1.341
1.072
0.805
0.539
0.249
-0.01
-0.372
-0.61
-0.846
-1.079
-1.333
-1.56
-1.784
-2.006
-2.245
-2.459
-2.689
-2.895
-3.096
-3.293
-3.505
-3.693
-3.878
-4.059
-4.255
-4.429
-4.601
-4.769
-4.95
-5.113
-5.273
-5.446
-5.599
-5.749
-5.906
-6.03
-6.131
-6.171
-6.183
-6.188
-6.192
-6.192
-6.192
-6.191
-6.174
-6.079
-5.955
-5.828
-5.688
-5.531
-5.337
-5.068
-4.753
-4.47
-4.191
-3.915
-3.613
-3.336
-3.057
-2.765
-2.405
-2.048
-1.675
-1.296
-0.878
-0.5
-0.123
0.288
0.661
1.031
1.437
1.804
2.167
2.528
2.921
3.274
3.658
4.208
4.546
4.88
5.21
5.763
6.082
6.391
6.663
6.744
6.751
6.749
6.748
6.746
6.743
6.736
6.694
6.573
6.395
6.225
6.058
5.893
5.694
5.461
5.167
4.887
4.6
4.283
3.982
3.648
3.291
2.889
2.517
2.145
1.771
1.36
0.98
0.592
-0.252
-0.658
-1.101
-1.503
-1.905
-2.305
-2.745
-3.138
-3.531
-3.952
-4.328
-4.694
-5.041
-5.357
-5.56
-5.73
-5.89
-6.057
-6.2
-6.324
-6.41
-6.443
-6.469
-6.482
-6.479
-6.435
-6.344
-6.21
-6.063
-5.901
-5.727
-5.521
-5.326
-5.087
-4.83
-4.543
-4.239
-3.921
-3.565
-3.235
-2.882
-2.52
-2.116
-1.746
-1.374
-0.958
-0.576
-0.193
0.227
0.608
0.986
1.363
1.773
2.143
2.511
2.911
3.271
3.626
4.012
4.359
4.701
5.04
5.407
5.734
6.054
6.341
6.545
6.657
6.704
6.702
6.699
6.697
6.694
6.69
6.675
6.593
6.457
6.307
6.121
5.93
5.708
5.49
5.231
4.963
4.667
4.361
4.018
3.698
3.365
2.96
2.57
2.181
1.793
1.371
0.99
0.612
-0.178
-0.557
-0.94
-1.37
-1.765
-2.159
-2.551
-2.979
-3.367
-3.788
-4.166
-4.535
-4.931
-5.261
-5.521
-5.727
-5.925
-6.092
-6.238
-6.337
-6.383
-6.39
-6.393
-6.393
-6.392
-6.365
-6.286
-6.16
-6.025
-5.878
-5.722
-5.532
-5.341
-5.124
-4.894
-4.606
-4.308
-3.987
-3.657
-3.287
-2.948
-2.603
-2.249
-1.847
-1.47
-1.044
-0.652
-0.256
0.18
0.574
0.966
1.354
1.777
2.159
2.535
2.909
3.315
3.681
4.077
4.434
4.785
5.167
5.507
5.84
6.133
6.33
6.468
6.556
6.61
6.635
6.658
6.68
6.699
6.705
6.661
6.561
6.444
6.303
6.149
5.975
5.762
5.554
5.285
4.988
4.677
4.366
4.027
3.72
3.407
3.059
2.64
2.253
1.827
1.444
1.063
0.647
0.271
-0.215
-0.238
-0.258
-0.279
-0.3
-0.321
-0.346
-0.369
-0.393
-0.419
-0.469
-0.759
-1.134
-1.47
-1.798
-2.121
-2.435
-2.771
-3.062
-3.337
-3.594
-3.836
-4.092
-4.319
-4.543
-4.764
-5.004
-5.22
-5.433
-5.643
-5.872
-6.077
-6.282
-6.507
-6.711
-6.914
-7.135
-7.336
-7.534
-7.911
-8.044
-8.13
-8.173
-8.187
-8.191
-8.194
-8.196
-8.196
-8.194
-8.137
-8.017
-7.87
-7.66
-7.417
-7.196
-6.946
-6.668
-6.306
-5.966
-5.608
-5.225
-4.774
-4.34
-3.892
-3.394
-2.938
-2.476
-2.001
-1.457
-0.952
-0.444
0.07
0.642
1.162
1.677
2.189
2.747
3.25
3.751
4.243
4.779
5.262
5.737
6.206
6.666
7.162
7.572
7.851
8.059
8.221
8.376
8.535
8.638
8.678
8.701
8.72
8.727
8.678
8.522
8.349
8.193
8.019
7.816
7.55
7.248
6.903
6.573
6.219
5.839
5.445
4.99
4.554
4.053
3.589
3.103
2.559
1.924
1.353
-0.384
-0.929
-1.467
-1.997
-2.572
-3.085
-3.589
-4.137
-4.626
-5.102
-5.542
-5.97
-6.296
-6.588
-6.87
-7.171
-7.441
-7.703
-7.895
-8.057
-8.198
-8.33
-8.428
-8.478
-8.471
-8.414
-8.338
-8.237
-8.087
-7.902
-7.636
-7.334
-7.062
-6.792
-6.477
-6.173
-5.831
-5.45
-4.99
-4.552
-4.058
-3.597
-3.122
-2.629
-2.122
-1.562
-1.053
-0.545
-0.04
0.513
1.013
1.51
2.052
2.542
3.028
3.558
4.035
4.508
4.975
5.483
5.939
6.39
6.835
7.314
7.728
8.037
8.237
8.376
8.503
8.61
8.676
8.739
8.776
8.772
8.689
8.517
8.328
8.159
8
7.82
7.629
7.35
7.032
6.667
6.311
5.924
5.476
5.063
4.593
4.155
3.693
3.213
2.7
2.095
1.549
-0.128
-0.668
-1.206
-1.793
-2.324
-2.847
-3.363
-3.923
-4.425
-4.918
-5.401
-5.902
-6.255
-6.552
-6.837
-7.14
-7.411
-7.679
-7.876
-8.037
-8.175
-8.302
-8.397
-8.45
-8.462
-8.433
-8.361
-8.246
-8.098
-7.915
-7.703
-7.497
-7.244
-6.948
-6.601
-6.256
-5.892
-5.509
-5.071
-4.65
-4.157
-3.69
-3.21
-2.671
-2.173
-1.666
-1.156
-0.594
-0.085
0.422
0.927
1.478
1.975
2.47
3.009
3.495
3.976
4.5
4.971
5.436
5.896
6.395
6.842
7.321
7.716
7.982
8.159
8.304
8.457
8.584
8.678
8.695
8.692
8.684
8.649
8.521
8.368
8.203
8.055
7.908
7.676
7.341
6.964
6.627
6.293
5.96
5.566
5.148
4.693
4.187
3.726
3.259
2.779
2.23
1.714
1.175
-0.168
-0.381
-0.575
-0.769
-0.978
-1.169
-1.357
-1.547
-1.766
-2.04
-2.379
-2.756
-3.096
-3.434
-3.769
-4.135
-4.464
-4.791
-5.113
-5.463
-5.777
-6.087
-6.427
-6.737
-7.042
-7.349
-7.681
-7.979
-8.274
-8.563
-8.874
-9.151
-9.418
-9.587
-9.724
-9.856
-10.139
-10.229
-10.313
-10.377
-10.41
-10.413
-10.387
-10.309
-10.189
-10.028
-9.841
-9.622
-9.366
-9.063
-8.729
-8.325
-7.919
-7.481
-7.015
-6.473
-5.95
-5.413
-4.799
-4.209
-3.604
-2.997
-2.329
-1.722
-1.112
-0.494
0.197
0.834
1.471
2.17
2.803
3.432
4.057
4.739
5.353
5.961
6.561
7.154
7.793
8.359
8.863
9.256
9.545
9.816
10.068
10.296
10.465
10.597
10.691
10.739
10.755
10.687
10.552
10.402
10.263
10.08
9.864
9.585
9.237
8.805
8.403
7.999
7.578
7.057
6.55
5.964
5.408
4.831
4.164
3.554
2.947
2.326
-0.435
-1.18
-1.852
-2.581
-3.235
-3.883
-4.523
-5.213
-5.804
-6.345
-6.909
-7.392
-7.835
-8.231
-8.62
-8.949
-9.292
-9.573
-9.816
-10.021
-10.205
-10.336
-10.425
-10.465
-10.462
-10.402
-10.299
-10.163
-10.003
-9.759
-9.466
-9.157
-8.846
-8.48
-8.086
-7.648
-7.178
-6.634
-5.394
-4.879
-4.273
-3.507
-2.856
-2.21
-1.566
-0.86
-0.222
0.478
1.112
1.744
2.373
2.998
3.622
4.302
4.916
5.524
6.126
6.781
7.367
7.993
8.491
8.866
9.226
9.535
9.826
10.078
10.302
10.464
10.591
10.681
10.735
10.738
10.625
10.485
10.347
10.196
10.041
9.796
9.511
9.126
8.764
8.392
7.991
7.518
7.053
6.526
5.897
5.326
4.756
4.188
3.54
2.921
2.265
-0.564
-1.232
-1.894
-2.615
-3.264
-3.907
-4.544
-5.237
-5.846
-6.4
-6.905
-7.422
-7.859
-8.306
-8.679
-9.011
-9.341
-9.609
-9.834
-10.027
-10.2
-10.324
-10.411
-10.455
-10.456
-10.425
-10.319
-10.173
-9.987
-9.763
-9.486
-9.166
-8.847
-8.484
-8.03
-7.584
-7.075
-6.581
-6.045
-5.495
-4.883
-4.303
-3.695
-3.069
-2.37
-1.736
-1.101
-0.406
0.224
0.852
1.541
2.167
2.791
3.412
4.092
4.705
5.313
5.915
6.57
7.158
7.795
8.357
8.845
9.19
9.517
9.795
10.05
10.275
10.421
10.546
10.653
10.733
10.746
10.696
10.562
10.434
10.299
10.135
9.859
9.54
9.192
8.832
8.428
7.981
7.555
7.092
6.569
5.955
5.391
4.823
4.241
3.562
2.923
2.271
-0.162
-0.388
-0.592
-0.795
-0.998
-1.221
-1.425
-1.661
-1.954
-2.285
-2.632
-3.016
-3.364
-3.713
-4.063
-4.449
-4.809
-5.183
-5.572
-6.008
-6.406
-6.809
-7.253
-7.659
-8.062
-8.503
-8.901
-9.294
-9.681
-10.102
-10.477
-10.877
-11.184
-11.396
-11.845
-12.006
-12.141
-12.414
-12.458
-12.468
-12.466
-12.433
-12.356
-12.23
-12.011
-11.746
-11.441
-11.146
-10.831
-10.444
-9.948
-9.455
-8.923
-8.358
-7.759
-7.064
-6.399
-5.704
-4.921
-4.178
-3.436
-2.697
-1.96
-1.151
-0.417
0.316
1.051
1.861
2.6
3.338
4.148
4.88
5.607
6.4
7.115
7.823
8.522
9.28
9.947
10.512
10.923
11.318
11.646
11.945
12.222
12.41
12.546
12.647
12.711
12.729
12.687
12.542
12.399
12.22
11.95
11.607
11.248
10.883
10.447
9.998
9.499
8.926
8.266
7.664
7.048
6.34
5.657
4.866
4.122
3.322
-0.758
-1.536
-2.31
-3.149
-3.906
-4.731
-5.466
-6.183
-6.862
-7.554
-8.147
-8.712
-9.3
-9.797
-10.271
-10.702
-11.084
-11.39
-11.701
-11.941
-12.145
-12.293
-12.391
-12.437
-12.443
-12.385
-12.219
-12.018
-11.786
-11.545
-11.258
-10.916
-10.538
-10.1
-9.621
-9.051
-8.494
-7.903
-7.279
-6.558
-5.868
-5.1
-4.384
-3.631
-2.762
-1.97
-1.18
-0.392
0.472
1.255
2.037
2.815
3.668
4.438
5.28
6.036
6.783
7.501
8.213
8.773
9.297
9.85
10.331
10.77
11.199
11.538
11.833
12.12
12.333
12.49
12.559
12.632
12.679
12.671
12.524
12.356
12.198
11.988
11.667
11.299
10.893
10.49
10.046
9.554
8.953
8.364
7.767
7.156
6.436
5.743
4.96
4.224
3.481
2.727
-0.566
-1.356
-2.147
-3.012
-3.793
-4.571
-5.421
-6.188
-6.947
-7.604
-8.14
-8.72
-9.242
-9.758
-10.243
-10.719
-11.089
-11.444
-11.722
-11.951
-12.141
-12.305
-12.413
-12.462
-12.469
-12.376
-12.26
-12.104
-11.871
-11.61
-11.323
-10.978
-10.618
-10.142
-9.571
-9.047
-8.51
-7.938
-7.256
-6.619
-5.966
-5.221
-4.497
-3.753
-3.001
-2.164
-1.396
-0.628
0.141
0.985
1.75
2.59
3.351
4.108
4.937
5.686
6.428
7.163
7.962
8.669
9.288
9.729
10.183
10.593
11.038
11.435
11.767
12.054
12.299
12.517
12.598
12.669
12.726
12.711
12.569
12.408
12.246
12.032
11.714
11.373
11.006
10.604
10.112
9.63
9.108
8.521
7.821
7.182
6.475
5.808
5.109
4.387
3.563
2.806
-0.1
-0.11
-0.12
-0.131
-0.143
-0.167
-0.484
-0.854
-1.22
-1.617
-1.973
-2.323
-2.704
-3.047
-3.388
-3.727
-4.1
-4.44
-4.783
-5.132
-5.569
-6.022
-6.571
-7.086
-7.604
-8.12
-8.632
-9.189
-9.689
-10.176
-10.635
-11.081
-11.441
-11.815
-12.143
-12.457
-12.746
-13.005
-13.263
-13.481
-13.68
-13.873
-14.023
-14.149
-14.252
-14.324
-14.344
-14.347
-14.303
-14.193
-14.056
-13.83
-13.515
-13.199
-12.856
-12.437
-11.953
-11.365
-10.781
-10.087
-9.411
-8.709
-7.974
-7.124
-6.317
-5.484
-4.655
-3.746
-2.916
-1.973
-1.087
-0.191
0.705
1.6
2.584
3.475
4.363
5.334
6.211
7.081
7.942
8.877
9.686
10.372
10.994
11.52
12.039
12.55
13.048
13.428
13.763
14.051
14.311
14.494
14.602
14.657
14.692
14.648
14.46
14.283
14.091
13.772
13.378
12.987
12.547
12.009
11.424
10.781
10.07
9.413
8.718
7.986
7.131
6.313
5.475
4.62
3.651
-0.354
-1.247
-2.223
-3.104
-3.98
-4.853
-5.809
-6.659
-7.455
-8.288
-8.996
-9.713
-10.333
-10.921
-11.48
-11.988
-12.489
-12.912
-13.308
-13.627
-13.872
-14.103
-14.282
-14.393
-14.44
-14.409
-14.311
-14.19
-13.951
-13.684
-13.35
-12.997
-12.589
-12.062
-11.523
-10.925
-10.238
-9.586
-8.91
-8.15
-7.388
-6.592
-5.758
-4.828
-3.967
-2.994
-2.096
-1.197
-0.299
0.686
1.58
2.473
3.364
4.341
5.224
6.102
6.973
7.922
8.848
9.611
10.263
10.864
11.493
12.022
12.525
12.986
13.393
13.703
13.993
14.275
14.483
14.614
14.685
14.724
14.669
14.509
14.343
14.11
13.805
13.457
13.075
12.578
12.073
11.518
10.867
10.24
9.579
8.89
8.075
7.289
6.478
5.648
4.71
3.746
-0.243
-1.148
-2.042
-2.929
-3.898
-4.771
-5.639
-6.504
-7.399
-8.162
-8.942
-9.569
-10.177
-10.838
-11.431
-11.978
-12.433
-12.879
-13.245
-13.575
-13.875
-14.095
-14.257
-14.378
-14.442
-14.437
-14.334
-14.202
-13.986
-13.72
-13.39
-13.037
-12.596
-12.112
-11.597
-11.038
-10.382
-9.73
-9.039
-8.309
-7.468
-6.676
-5.841
-4.994
-4.052
-3.172
-2.182
-1.273
-0.362
0.64
1.549
2.456
3.362
4.354
5.25
6.141
7.111
7.968
8.745
9.504
10.161
10.796
11.392
11.966
12.442
12.894
13.345
13.688
13.981
14.245
14.442
14.56
14.632
14.661
14.614
14.489
14.335
14.127
13.812
13.478
13.056
12.609
12.104
11.497
10.916
10.293
9.628
8.867
8.127
7.35
6.542
5.628
4.776
3.817
-0.046
-0.457
-0.861
-1.284
-1.595
-1.876
-2.122
-2.367
-2.612
-2.858
-3.135
-3.457
-3.877
-4.327
-4.852
-5.368
-5.887
-6.458
-6.978
-7.503
-8.028
-8.602
-9.121
-9.635
-10.144
-10.698
-11.198
-11.694
-12.235
-12.72
-13.247
-13.712
-14.117
-14.421
-14.705
-15.014
-15.288
-15.548
-15.774
-15.972
-16.121
-16.254
-16.353
-16.424
-16.465
-16.461
-16.376
-16.197
-15.947
-15.673
-15.322
-14.947
-14.476
-13.864
-13.291
-12.684
-11.932
-11.192
-10.411
-9.592
-8.645
-7.749
-6.826
-5.762
-4.789
-3.82
-2.758
-1.788
-0.79
0.231
1.358
2.382
3.405
4.426
5.544
6.555
7.559
8.651
9.623
10.516
11.285
12.07
12.758
13.407
13.995
14.506
15.014
15.437
15.796
16.152
16.393
16.566
16.662
16.71
16.713
16.601
16.423
16.141
15.816
15.466
15.01
14.513
13.921
13.309
12.659
11.966
11.231
10.35
9.503
8.629
7.719
6.685
5.72
-0.777
-1.775
-2.77
-3.86
-4.85
-5.837
-6.827
-7.915
-8.902
-9.814
-10.6
-11.309
-12.015
-12.786
-13.443
-13.945
-14.412
-14.914
-15.326
-15.714
-15.992
-16.196
-16.349
-16.456
-16.493
-16.456
-16.32
-16.082
-15.828
-15.522
-15.119
-14.682
-14.107
-13.529
-12.904
-12.24
-11.446
-10.672
-9.856
-9.001
-8.012
-7.078
-6.093
-4.969
-3.953
-2.841
-1.831
-0.823
0.185
1.294
2.302
3.31
4.316
5.419
6.418
7.508
8.49
9.45
10.314
11.156
11.888
12.59
13.241
13.834
14.404
14.875
15.314
15.728
16.037
16.287
16.5
16.62
16.674
16.684
16.555
16.392
16.2
15.913
15.521
15.071
14.581
14.022
13.428
12.728
12.047
11.326
10.541
9.618
8.743
7.835
6.899
5.842
-0.735
-1.643
-2.55
-3.587
-4.582
-5.583
-6.686
-7.689
-8.692
-9.752
-10.548
-11.278
-11.998
-12.751
-13.348
-13.9
-14.414
-14.917
-15.367
-15.715
-15.987
-16.202
-16.365
-16.484
-16.525
-16.485
-16.343
-16.106
-15.845
-15.549
-15.163
-14.741
-14.234
-13.616
-12.998
-12.329
-11.534
-10.762
-9.946
-9.093
-8.112
-7.187
-6.024
-4.939
-3.894
-2.877
-1.773
-0.769
0.235
1.24
2.345
3.35
4.352
5.449
6.439
7.41
8.45
9.382
10.214
10.963
11.77
12.488
13.153
13.749
14.338
14.831
15.312
15.672
15.992
16.247
16.419
16.532
16.595
16.61
16.525
16.377
16.187
15.881
15.535
15.084
14.608
14.078
13.492
12.797
12.115
11.393
10.539
9.701
8.828
7.921
6.893
5.935
-0.275
-0.898
-1.459
-2.012
-2.555
-3.102
-3.548
-3.952
-4.332
-4.746
-5.121
-5.532
-5.909
-6.29
-6.729
-7.2
-7.805
-8.446
-9.151
-9.788
-10.419
-11.045
-11.73
-12.346
-13.017
-13.621
-14.216
-14.815
-15.273
-15.687
-16.079
-16.493
-16.844
-17.151
-17.446
-18.251
-18.373
-18.459
-18.536
-18.56
-18.527
-18.387
-18.102
-17.817
-17.507
-17.1
-16.634
-16.074
-15.382
-14.697
-13.954
-13.065
-12.2
-11.289
-10.315
-9.231
-8.194
-7.049
-5.906
-4.652
-3.522
-2.285
-1.163
-0.041
1.196
2.32
3.447
4.572
5.805
6.92
8.027
9.127
10.323
11.362
12.324
13.131
13.92
14.758
15.455
16.066
16.609
17.114
17.603
17.971
18.303
18.532
18.67
18.743
18.77
18.715
18.537
18.275
17.97
17.562
17.131
16.643
15.984
15.331
14.587
13.83
12.996
12.112
11.183
10.114
9.101
8.056
6.98
-0.16
-1.313
-2.463
-3.607
-4.861
-5.997
-7.134
-8.278
-9.527
-10.595
-11.612
-12.461
-13.276
-14.058
-14.848
-15.421
-15.939
-16.502
-16.999
-17.429
-17.826
-18.085
-18.282
-18.433
-18.51
-18.52
-18.43
-18.171
-17.909
-17.611
-17.248
-16.743
-16.151
-15.536
-14.861
-14.127
-13.252
-12.4
-11.498
-10.55
-9.464
-8.441
-7.385
-6.3
-5.066
-3.941
-2.707
-1.586
-0.464
0.661
1.903
3.034
4.165
5.407
6.531
7.651
8.875
9.976
11.035
12.022
12.853
13.658
14.423
15.198
15.84
16.414
16.983
17.434
17.837
18.142
18.367
18.534
18.623
18.646
18.597
18.458
18.239
17.95
17.591
17.17
16.619
16.025
15.318
14.647
13.921
13.1
12.135
11.208
10.239
9.233
8.081
7.01
-0.014
-1.17
-2.323
-3.586
-4.731
-5.874
-7.132
-8.282
-9.527
-10.522
-11.425
-12.305
-13.233
-13.962
-14.654
-15.337
-15.991
-16.489
-16.957
-17.425
-17.78
-18.053
-18.265
-18.433
-18.519
-18.532
-18.419
-18.193
-17.944
-17.647
-17.243
-16.797
-16.224
-15.616
-14.945
-14.217
-13.35
-12.502
-11.603
-10.659
-9.575
-8.558
-7.509
-6.313
-5.191
-3.954
-2.83
-1.708
-0.584
0.656
1.785
2.916
4.049
5.179
6.419
7.54
8.766
9.87
10.941
11.948
12.782
13.592
14.362
15.069
15.782
16.351
16.856
17.37
17.763
18.104
18.356
18.524
18.624
18.662
18.635
18.514
18.315
18.013
17.613
17.197
16.648
16.075
15.445
14.781
13.991
13.182
12.313
11.394
10.334
9.333
8.3
7.126
-0.504
-1.062
-1.564
-2.063
-2.606
-3.096
-3.629
-4.11
-4.586
-5.06
-5.582
-6.06
-6.546
-7.037
-7.593
-8.104
-8.686
-9.285
-9.99
-10.76
-11.611
-12.377
-13.136
-13.886
-14.7
-15.423
-16.086
-16.634
-17.156
-17.605
-18.078
-18.484
-18.853
-19.182
-19.505
-19.765
-20.001
-20.211
-20.379
-20.515
-20.604
-20.649
-20.654
-20.603
-20.417
-20.07
-19.734
-19.35
-18.88
-18.29
-17.667
-16.94
-16.072
-15.217
-14.296
-13.173
-11.978
-10.791
-9.509
-8.368
-7.242
-6.119
-4.873
-3.744
-2.491
-1.28
-0.025
1.233
2.621
3.886
5.151
6.414
7.796
9.044
10.281
11.503
12.815
13.969
14.837
15.667
16.477
17.324
18.008
18.609
19.145
19.629
20.003
20.314
20.541
20.683
20.757
20.77
20.663
20.46
20.117
19.749
19.322
18.816
18.162
17.5
16.719
15.857
14.933
13.955
12.857
11.833
10.75
9.6
-0.678
-1.957
-3.239
-4.645
-5.922
-7.201
-8.484
-9.739
-10.883
-11.82
-12.847
-13.777
-14.704
-15.713
-16.598
-17.334
-17.949
-18.568
-19.072
-19.505
-19.878
-20.188
-20.392
-20.541
-20.602
-20.575
-20.458
-20.187
-19.872
-19.497
-19
-18.458
-17.827
-17.052
-16.275
-15.43
-14.522
-13.46
-12.441
-11.374
-10.263
-9.002
-7.817
-6.604
-5.368
-4.015
-2.668
-1.44
-0.196
1.07
2.472
3.75
5.025
6.298
7.692
8.953
10.202
11.53
12.592
13.542
14.462
15.442
16.276
17.04
17.806
18.438
18.99
19.456
19.888
20.2
20.452
20.588
20.66
20.704
20.629
20.458
20.176
19.796
19.342
18.843
18.255
17.553
16.863
16.095
15.082
14.009
12.958
11.928
10.798
9.745
8.593
-0.399
-1.826
-3.129
-4.428
-5.843
-7.073
-8.253
-9.393
-10.616
-11.684
-12.813
-13.785
-14.709
-15.6
-16.495
-17.198
-17.844
-18.43
-18.939
-19.416
-19.822
-20.118
-20.347
-20.506
-20.58
-20.558
-20.446
-20.206
-19.866
-19.497
-19.045
-18.531
-17.875
-17.19
-16.349
-15.513
-14.614
-13.656
-12.545
-11.482
-10.376
-9.234
-8.059
-6.73
-5.476
-4.225
-2.854
-1.61
-0.363
0.887
2.264
3.519
4.774
6.152
7.401
8.641
9.996
11.211
12.345
13.412
14.333
15.224
16.067
16.914
17.612
18.25
18.812
19.35
19.793
20.111
20.369
20.537
20.645
20.71
20.642
20.469
20.23
19.857
19.441
18.962
18.348
17.708
17.015
16.155
15.291
14.357
13.361
12.103
10.988
9.883
8.662
7.516
-0.021
-0.534
-1.042
-1.543
-1.997
-2.394
-2.714
-3.064
-3.383
-3.704
-4.1
-4.623
-5.229
-5.853
-6.553
-7.225
-7.942
-8.665
-9.387
-10.175
-10.885
-11.661
-12.363
-13.06
-13.754
-14.512
-15.196
-15.875
-16.617
-17.282
-17.927
-18.531
-18.994
-19.438
-19.92
-20.351
-20.771
-21.16
-21.515
-21.753
-21.969
-22.164
-22.321
-22.445
-22.515
-22.52
-22.477
-22.32
-22.026
-21.688
-21.232
-20.72
-20.06
-19.361
-18.581
-17.63
-16.623
-15.468
-14.21
-13.081
-11.956
-10.826
-9.521
-8.215
-6.905
-5.455
-4.139
-2.697
-1.382
-0.007
1.413
2.984
4.413
5.841
7.263
8.818
10.206
11.496
12.654
13.872
15.054
16.08
17.028
17.917
18.825
19.577
20.26
20.859
21.402
21.821
22.175
22.449
22.633
22.725
22.736
22.599
22.35
22.045
21.609
21.146
20.601
19.96
19.184
18.368
17.385
16.367
15.26
14.141
12.907
11.777
10.59
-0.956
-2.4
-3.778
-5.134
-6.614
-7.947
-9.23
-10.468
-11.675
-12.956
-14.065
-15.225
-16.225
-17.176
-18.067
-19.024
-19.766
-20.415
-20.95
-21.397
-21.791
-22.133
-22.351
-22.499
-22.568
-22.539
-22.393
-22.15
-21.779
-21.333
-20.818
-20.157
-19.474
-18.626
-17.769
-16.793
-15.77
-14.643
-13.558
-12.384
-11.161
-9.772
-8.475
-7.129
-5.685
-4.092
-2.653
-1.076
0.35
1.743
3.268
4.647
6.001
7.337
8.783
10.05
11.263
12.554
13.687
14.773
15.893
16.849
17.742
18.58
19.419
20.107
20.717
21.242
21.735
22.094
22.371
22.537
22.633
22.67
22.588
22.359
22.062
21.686
21.184
20.634
20.003
19.243
18.447
17.475
16.513
15.412
14.261
13.121
11.862
10.708
9.428
-0.51
-2.054
-3.452
-4.851
-6.391
-7.799
-9.206
-10.518
-11.826
-12.983
-14.216
-15.27
-16.255
-17.188
-18.091
-18.879
-19.604
-20.233
-20.831
-21.301
-21.73
-22.038
-22.265
-22.434
-22.509
-22.497
-22.374
-22.12
-21.772
-21.384
-20.871
-20.29
-19.561
-18.804
-17.869
-16.9
-15.916
-14.906
-13.686
-12.518
-11.301
-10.041
-8.62
-7.288
-5.782
-4.403
-3.03
-1.658
-0.146
1.235
2.62
4.01
5.539
6.927
8.308
9.817
11.15
12.442
13.546
14.629
15.677
16.743
17.648
18.49
19.266
19.969
20.659
21.197
21.685
22.06
22.324
22.532
22.634
22.671
22.566
22.372
22.085
21.716
21.27
20.688
20.083
19.328
18.532
17.647
16.705
15.7
14.512
13.374
12.188
10.825
9.543
8.228
-0.312
-0.818
-1.159
-1.446
-1.699
-1.954
-2.214
-2.595
-3.059
-3.584
-4.138
-4.772
-5.377
-6.015
-6.751
-7.451
-8.17
-8.9
-9.732
-10.495
-11.257
-12.02
-12.856
-13.613
-14.368
-15.193
-15.937
-16.75
-17.483
-18.21
-18.93
-19.701
-20.308
-20.827
-21.317
-21.794
-22.3
-22.725
-23.137
-23.444
-23.71
-23.964
-24.156
-24.31
-24.424
-24.489
-24.49
-24.397
-24.155
-23.833
-23.446
-22.879
-22.279
-21.581
-20.792
-19.909
-18.796
-17.76
-16.687
-15.384
-14.136
-12.836
-11.347
-9.949
-8.546
-6.993
-5.526
-4.038
-2.549
-1.054
0.604
2.125
3.654
5.183
6.862
8.381
10.037
11.486
12.791
14.027
15.361
16.53
17.621
18.649
19.69
20.572
21.451
22.165
22.794
23.318
23.811
24.171
24.413
24.572
24.668
24.656
24.481
24.225
23.824
23.386
22.788
22.159
21.445
20.65
19.595
18.538
17.483
16.414
15.128
13.847
12.387
11.008
-1.273
-2.803
-4.482
-6.162
-7.699
-9.234
-10.631
-11.865
-13.04
-14.286
-15.531
-16.888
-18.077
-19.098
-20.007
-20.925
-21.646
-22.35
-22.919
-23.393
-23.79
-24.118
-24.336
-24.484
-24.526
-24.461
-24.278
-23.935
-23.543
-23.047
-22.411
-21.73
-20.955
-20.087
-19.03
-17.992
-16.882
-15.702
-14.336
-12.905
-11.552
-10.155
-8.728
-7.121
-5.648
-4.172
-2.699
-1.066
0.449
1.979
3.514
5.206
6.742
8.424
9.935
11.36
12.651
14.023
15.244
16.409
17.607
18.625
19.569
20.531
21.332
22.055
22.753
23.292
23.744
24.092
24.381
24.55
24.635
24.629
24.493
24.178
23.813
23.376
22.835
22.142
21.441
20.64
19.735
18.646
17.579
16.438
15.232
13.838
12.513
11
9.585
-1.275
-2.804
-4.481
-6.007
-7.539
-9.224
-10.627
-11.95
-13.255
-14.634
-15.813
-16.935
-17.994
-19.078
-20.076
-20.907
-21.651
-22.311
-22.897
-23.367
-23.768
-24.079
-24.317
-24.46
-24.515
-24.46
-24.248
-23.945
-23.534
-23.049
-22.473
-21.723
-20.945
-20.077
-19.118
-17.98
-16.868
-15.689
-14.324
-13.028
-11.683
-10.144
-8.722
-7.257
-5.775
-4.138
-2.656
-1.173
0.318
1.971
3.633
5.15
6.665
8.175
9.825
11.304
12.66
13.888
15.211
16.387
17.493
18.522
19.577
20.549
21.353
22.078
22.719
23.26
23.758
24.119
24.388
24.557
24.647
24.62
24.465
24.246
23.88
23.435
22.855
22.237
21.539
20.733
19.737
18.749
17.686
16.437
15.23
13.835
12.511
11.136
9.723
-0.716
-1.419
-2.07
-2.502
-2.908
-3.27
-3.67
-4.036
-4.41
-4.953
-5.622
-6.373
-7.149
-7.939
-8.734
-9.61
-10.402
-11.267
-12.054
-12.841
-13.63
-14.503
-15.296
-16.087
-16.875
-17.738
-18.516
-19.29
-20.133
-20.893
-21.647
-22.469
-23.206
-23.827
-24.27
-24.714
-25.101
-25.471
-25.802
-26.078
-26.295
-26.457
-26.583
-26.653
-26.65
-26.489
-26.223
-25.894
-25.441
-24.842
-24.186
-23.435
-22.494
-21.54
-20.498
-19.257
-18.046
-16.766
-15.411
-13.871
-12.431
-10.972
-9.479
-7.782
-6.204
-4.431
-2.822
-1.206
0.431
2.247
3.906
5.567
7.224
9.038
10.674
12.264
13.831
15.179
16.621
17.878
19.061
20.172
21.211
22.253
23.114
23.893
24.582
25.177
25.708
26.109
26.388
26.575
26.666
26.636
26.465
26.213
25.831
25.364
24.741
24.069
23.225
22.333
21.345
20.277
19.005
17.77
16.466
15.096
13.519
12.035
-1.404
-3.056
-4.707
-6.36
-8.188
-9.82
-11.32
-12.911
-14.327
-15.685
-17.103
-18.309
-19.452
-20.631
-21.621
-22.531
-23.36
-24.164
-24.739
-25.308
-25.727
-26.066
-26.318
-26.496
-26.551
-26.478
-26.272
-25.934
-25.541
-25.03
-24.338
-23.608
-22.685
-21.741
-20.709
-19.593
-18.274
-16.997
-15.658
-14.256
-12.649
-11.141
-9.597
-7.892
-6.332
-4.566
-2.952
-1.328
0.311
2.127
3.786
5.445
7.103
8.916
10.546
12.234
13.629
14.987
16.318
17.706
18.895
20.018
21.166
22.124
23
23.791
24.558
25.155
25.691
26.09
26.393
26.573
26.656
26.618
26.467
26.238
25.824
25.349
24.777
24.047
23.275
22.303
21.32
20.253
19.106
17.755
16.453
15.085
13.656
12.026
10.497
-1.241
-2.889
-4.535
-6.348
-8.006
-9.632
-11.274
-12.727
-14.149
-15.636
-16.923
-18.149
-19.303
-20.489
-21.486
-22.402
-23.237
-24.058
-24.697
-25.234
-25.654
-26.005
-26.259
-26.44
-26.506
-26.456
-26.284
-25.953
-25.563
-25.056
-24.381
-23.659
-22.836
-21.817
-20.798
-19.694
-18.385
-17.118
-15.783
-14.39
-12.788
-11.286
-9.59
-8.019
-6.447
-4.855
-3.098
-1.47
0.179
1.838
3.504
5.34
7.005
8.661
10.426
11.892
13.306
14.834
16.171
17.434
18.638
19.882
20.937
21.911
22.803
23.69
24.47
25.079
25.586
26.002
26.332
26.523
26.624
26.638
26.497
26.291
25.909
25.446
24.835
24.182
23.358
22.491
21.526
20.475
19.227
18.008
16.72
15.225
13.802
12.328
10.651
-0.17
-0.795
-1.42
-2.108
-2.73
-3.351
-3.972
-4.656
-5.307
-6.063
-6.976
-7.843
-8.981
-10.114
-11.126
-12.016
-12.887
-13.84
-14.704
-15.564
-16.421
-17.273
-18.121
-19.048
-19.969
-20.801
-21.627
-22.448
-23.266
-24.16
-24.782
-25.21
-25.633
-26.056
-26.479
-26.942
-27.361
-27.794
-28.07
-28.254
-28.393
-28.494
-28.516
-28.434
-28.211
-27.88
-27.47
-26.932
-26.206
-25.433
-24.457
-23.461
-22.371
-21.19
-19.786
-18.432
-16.999
-15.504
-13.831
-12.288
-10.51
-8.861
-7.177
-5.271
-3.527
-1.782
-0.027
1.916
3.694
5.474
7.254
9.204
10.962
12.865
14.487
15.956
17.361
18.853
20.159
21.398
22.636
23.673
24.629
25.497
26.339
27.003
27.562
28.056
28.372
28.607
28.701
28.726
28.619
28.347
27.931
27.385
26.806
26.058
25.227
24.285
23.244
22.113
20.767
19.46
18.075
16.623
15.1
13.359
11.56
-0.845
-2.772
-4.52
-6.272
-8.037
-9.989
-11.727
-13.319
-14.742
-16.216
-17.668
-19.102
-20.587
-21.759
-22.861
-23.88
-24.89
-25.716
-26.514
-27.117
-27.606
-27.969
-28.257
-28.447
-28.557
-28.546
-28.36
-28.075
-27.672
-27.095
-26.444
-25.609
-24.738
-23.763
-22.688
-21.398
-20.133
-18.784
-17.364
-15.879
-14.178
-12.576
-10.762
-9.114
-7.458
-5.734
-3.811
-2.066
-0.318
1.618
3.389
5.165
6.94
8.885
10.638
12.511
14.059
15.527
16.973
18.505
19.816
21.052
22.205
23.378
24.352
25.319
26.102
26.785
27.421
27.888
28.247
28.485
28.611
28.652
28.584
28.374
27.966
27.494
26.856
26.174
25.377
24.46
23.336
22.215
21.006
19.582
18.207
16.763
15.254
13.516
11.884
-0.683
-2.442
-4.372
-6.129
-8.077
-9.852
-11.515
-13.243
-14.778
-16.255
-17.666
-19.139
-20.404
-21.587
-22.691
-23.808
-24.82
-25.644
-26.373
-26.994
-27.463
-27.886
-28.181
-28.381
-28.503
-28.488
-28.338
-28.067
-27.639
-27.125
-26.425
-25.672
-24.818
-23.854
-22.684
-21.521
-20.269
-18.935
-17.377
-15.889
-14.186
-12.582
-10.931
-9.261
-7.43
-5.714
-3.971
-2.231
-0.308
1.454
3.229
5.009
6.966
8.738
10.669
12.346
13.877
15.512
16.973
18.361
19.671
21.037
22.188
23.26
24.335
25.219
26.012
26.773
27.355
27.829
28.193
28.465
28.606
28.639
28.559
28.327
27.936
27.463
26.913
26.255
25.373
24.457
23.443
22.334
21.012
19.722
18.355
16.921
15.264
13.531
11.901
-0.154
-0.643
-1.126
-1.605
-2.076
-2.593
-3.062
-3.535
-4.097
-4.87
-5.626
-6.499
-7.336
-8.204
-9.172
-10.183
-11.253
-12.31
-13.336
-14.155
-14.977
-15.861
-16.921
-17.985
-18.947
-19.901
-20.849
-21.789
-22.808
-23.663
-24.449
-25.261
-25.959
-26.617
-27.227
-27.84
-28.302
-28.74
-29.191
-29.538
-29.836
-30.082
-30.2
-29.875
-29.492
-28.808
-28.098
-27.27
-26.223
-25.071
-23.877
-22.552
-21.262
-19.793
-18.12
-16.515
-14.839
-13.124
-11.226
-9.476
-7.665
-5.825
-3.965
-1.913
-0.023
2.076
3.996
5.919
7.838
9.93
11.75
13.441
15.087
16.708
18.418
20.031
21.417
22.719
23.939
25.171
26.195
27.122
27.948
28.671
29.287
29.834
30.212
30.497
30.612
30.645
30.539
30.266
29.865
29.35
28.665
27.937
27.076
26.087
24.875
23.668
22.231
20.831
19.358
17.809
16.021
14.328
12.578
10.599
-1.078
-2.955
-4.828
-6.71
-8.796
-10.668
-12.42
-14.117
-15.912
-17.476
-19.13
-20.554
-21.9
-23.287
-24.457
-25.533
-26.513
-27.478
-28.248
-28.907
-29.406
-29.858
-30.187
-30.388
-30.487
-30.458
-30.266
-29.945
-29.533
-28.981
-28.223
-27.411
-26.481
-25.444
-24.183
-22.932
-21.45
-20.006
-18.484
-16.89
-15.058
-13.336
-11.564
-9.777
-7.822
-5.985
-3.93
-2.064
-0.185
1.904
3.816
5.732
7.644
9.729
11.543
13.24
14.896
16.679
18.378
19.846
21.251
22.567
23.8
25.046
26.077
27.015
27.931
28.654
29.268
29.772
30.197
30.461
30.623
30.642
30.545
30.278
29.844
29.332
28.727
28.02
27.068
26.082
24.87
23.665
22.364
20.832
19.362
17.812
16.192
14.334
12.585
10.79
8.955
-0.879
-2.76
-4.823
-6.706
-8.602
-10.493
-12.416
-14.101
-15.754
-17.486
-18.99
-20.42
-21.903
-23.173
-24.352
-25.441
-26.525
-27.405
-28.186
-28.913
-29.413
-29.868
-30.17
-30.373
-30.487
-30.464
-30.298
-30.005
-29.575
-28.97
-28.29
-27.491
-26.574
-25.438
-24.296
-22.926
-21.583
-20.148
-18.478
-16.882
-15.222
-13.504
-11.558
-9.773
-7.997
-5.977
-4.111
-2.247
-0.182
1.715
3.625
5.54
7.452
9.54
11.353
13.056
14.882
16.502
18.203
19.678
21.084
22.41
23.769
24.905
25.945
26.887
27.811
28.543
29.171
29.735
30.128
30.429
30.569
30.615
30.526
30.26
29.88
29.385
28.788
28.01
27.156
26.075
24.978
23.786
22.495
20.973
19.508
17.968
16.357
14.678
12.764
10.974
9.145