0
0.17369
0.30396
0.56449
0.82502
1.0421
1.1724
1.4763
1.8237
2.0408
2.3882
2.6053
2.9093
3.2565
3.4737
3.2565
3.1697
2.779
2.6053
2.3882
2.0842
1.6066
1.6066
1.0855
0.86843
0.30396
0
-0.3908
-0.73817
-0.9987
-1.0855
-1.3895
-1.4329
-1.7369
-1.9974
-2.3448
-2.6921
-2.9093
-2.8224
-2.6921
-2.3882
-2.1277
-1.7369
-1.4763
-1.4329
-1.1724
-0.73817
-0.3908
0.30396
0.65133
1.0855
1.129
1.4763
1.7369
2.1277
2.779
2.9962
3.6474
4.2553
4.5593
5.1237
4.4724
4.125
3.4737
3.2131
2.9962
2.6921
2.1711
2.2579
1.9106
1.4763
0.86843
0.52106
-0.043421
-0.47765
-0.91186
-1.3895
-1.8671
-2.6487
-3.3434
-4.0381
-4.8633
-5.3409
-4.8633
-4.3856
-3.8646
-3.604
-2.8659
-2.6487
-1.954
-1.3895
-0.30396
0.52106
0.86843
1.4329
1.954
2.5185
2.779
3.2565
3.7777
4.429
4.8199
5.6015
6.7737
7.729
9.0752
10.117
10.899
10.899
10.769
10.551
9.987
9.4658
9.162
8.858
8.554
8.1633
7.9027
7.5555
7.3383
6.9908
6.7302
6.4699
6.1659
5.8184
5.5146
4.733
4.3856
4.0381
3.8212
3.4303
3.1697
2.8659
2.4316
2.2145
1.8237
1.4763
1.129
0.73817
0.47765
0.21711
-0.043421
-0.65133
-0.86843
-1.0421
-1.2158
-1.9974
-2.2145
-2.5618
-2.779
-2.9962
-3.3434
-3.8646
-4.2553
-4.6462
-4.9934
-5.2106
-5.558
-5.9052
-6.2527
-6.8171
-7.2514
-7.7724
-8.2936
-8.9014
-9.5093
-10.117
-11.029
-11.073
-11.159
-10.986
-10.769
-10.551
-10.291
-9.987
-9.8133
-9.5527
-9.2489
-8.9883
-8.4239
-8.1633
-7.7724
-7.4686
-7.0343
-6.5568
-5.9052
-5.4277
-5.0368
-4.6462
-4.3856
-3.9515
-3.3
-2.779
-2.1277
-1.7803
-1.0855
-0.52106
0.30396
1.0855
1.3895
2.2145
2.3448
2.5185
2.9962
3.4737
4.1684
4.7765
5.3843
5.8618
6.5568
7.1646
7.9461
8.5105
9.379
10.161
10.725
11.333
11.246
11.203
11.116
10.638
10.378
10.161
9.8133
9.3358
8.858
8.1633
7.3817
6.4265
6.1224
5.6883
5.2106
4.8199
4.4724
4.1684
3.6474
3.2131
2.5618
1.9974
1.3895
0.69474
0
-0.21711
-0.78158
-1.3026
-1.8237
-2.2145
-2.5185
-3.5171
-4.2553
-4.8199
-5.4277
-6.5133
-7.512
-8.5105
-9.7699
-11.159
-11.116
-10.986
-10.725
-10.421
-9.7264
-9.4224
-9.2055
-8.9449
-8.554
-8.0764
-7.6855
-6.9474
-6.6436
-6.4265
-5.7752
-4.95
-4.4724
-3.8212
-3.3434
-2.8224
-2.3013
-1.6066
-0.9987
-0.17369
0.43421
0.82502
1.3895
1.7803
2.3882
2.8659
3.3434
3.604
4.125
4.7765
5.3843
5.9487
6.5133
7.1646
7.729
8.4239
9.4224
10.465
11.55
12.462
13.765
14.807
15.892
17.108
18.324
20.321
22.058
22.579
22.449
22.145
21.884
21.624
21.32
20.756
20.495
20.148
19.844
19.409
18.975
18.28
17.542
16.891
16.327
15.675
14.503
13.33
12.375
11.42
10.378
9.5093
8.7277
7.7724
6.7302
5.9921
5.1237
4.2118
3.5171
3.0831
2.2145
1.7369
0.9987
0.47765
-0.13026
-1.0855
-2.0842
-3.1697
-3.9515
-5.0803
-5.6883
-6.5568
-7.208
-8.033
-8.858
-9.6396
-10.682
-11.854
-12.896
-14.025
-14.937
-16.37
-17.238
-17.89
-18.932
-18.932
-21.146
-22.492
-22.449
-22.406
-22.188
-22.058
-21.711
-21.407
-21.059
-20.538
-19.974
-19.453
-18.888
-16.717
-15.458
-14.286
-12.809
-11.55
-10.421
-9.5093
-8.2067
-7.1211
-5.6449
-4.6027
-3.3
-2.3448
-1.4763
-0.73817
-0.13026
0.82502
1.3895
1.9974
2.9093
4.0815
5.3843
6.2527
7.8593
9.2055
10.682
11.724
12.809
15.111
16.413
18.28
19.627
20.712
22.319
22.145
21.971
21.711
21.494
21.103
20.799
19.323
18.584
17.759
17.108
16.37
15.588
13.548
12.028
10.551
9.1186
7.9896
6.6868
5.1237
4.2118
2.8224
1.7803
0.65133
-1.3026
-2.6053
-4.6462
-6.079
-7.9461
-9.7699
-11.376
-12.766
-13.982
-15.588
-17.369
-19.019
-20.669
-22.015
-22.449
-22.362
-22.102
-21.667
-21.667
-21.146
-20.625
-19.887
-19.062
-18.063
-16.5
-15.458
-14.763
-14.069
-13.33
-12.549
-11.594
-10.465
-9.2055
-7.9461
-7.1211
-5.6449
-4.3421
-2.9527
-1.5198
-0.086843
0.6079
1.3026
2.3013
3.4303
4.2553
5.5146
6.383
7.3383
8.1633
8.9883
10.812
12.766
15.458
16.848
18.584
21.841
23.578
25.88
28.006
30.091
31.481
33.175
33.782
33.652
33.304
32.565
31.915
30.96
30.135
28.397
27.356
26.271
25.054
23.795
21.798
20.017
18.367
16.196
14.633
12.071
8.2936
2.475
0.82502
-0.30396
-2.0842
-3.908
-5.1237
-6.9474
-9.1186
-11.116
-12.462
-14.242
-17.152
-19.323
-21.103
-23.361
-25.489
-28.006
-29.743
-32.263
-33.696
-33.434
-33
-32.263
-31.481
-30.742
-30.135
-29.136
-26.617
-25.489
-24.229
-23.187
-21.754
-20.321
-18.758
-17.455
-15.675
-13.765
-11.116
-6.7737
-4.7765
-1.9106
0.43421
2.0842
3.9949
5.9487
7.9461
9.6396
11.246
13.2
15.936
19.67
22.84
25.705
28.138
30.698
33.868
33.609
32.913
32.393
31.351
30.569
29.83
28.832
28.224
27.572
26.444
24.316
22.275
20.495
19.149
17.455
15.545
13.461
9.5527
7.0343
5.5146
3.1697
1.954
1.0421
0.73817
-0.95527
-3.0831
-4.8633
-6.4265
-8.2067
-10.942
-12.766
-14.459
-17.195
-22.709
-25.141
-28.181
-30.96
-32.565
-33.825
-33.782
-33.566
-33.132
-32.045
-31.351
-30.439
-29.484
-27.747
-26.66
-25.489
-24.446
-22.406
-20.495
-18.107
-16.283
-14.155