0
1.1938
2.3876
3.6322
4.8768
5.4356
5.7404
5.715
4.318
3.1242
2.0574
0.889
0.3048
-0.1524
-0.5334
-1.6002
-2.286
-3.429
-4.5974
-5.4356
-5.8166
-5.715
-4.3942
-3.2258
-2.0828
-0.889
-0.5842
0.0254
0.3556
1.016
2.159
3.4036
4.572
5.334
5.6388
5.5372
4.2164
3.048
1.8796
0.7874
0.254
-0.0762
-0.4572
-1.4986
-2.6416
-3.7846
-5.0038
-5.3594
-5.8928
-5.8928
-4.5212
-3.302
-2.159
-0.9906
-0.4318
-0.127
0.2286
1.2446
2.413
3.6068
4.826
5.4102
5.7404
5.6642
4.2926
3.0988
1.9304
0.8636
0.254
-0.0762
-0.381
-1.397
-2.5146
-3.6576
-4.8768
-5.5118
-5.8166
-5.715
-4.445
-3.2512
-2.1082
-0.9144
-0.4318
-0.4318
-0.3048
0.7874
2.54
4.9784
7.4168
9.8044
10.363
11.1
10.008
8.3058
5.842
3.4798
1.0668
0.5334
-0.127
-1.27
-3.5306
-5.969
-7.6454
-10.058
-11.1
-11.659
-10.668
-9.0424
-6.5786
-4.1148
-1.778
-1.1938
-0.3556
0.4318
2.7178
5.1308
7.5438
9.9314
10.439
11.074
10.363
7.9502
5.4864
3.0988
1.4986
0.3556
-0.2286
-1.397
-3.6576
-5.334
-7.8232
-10.236
-11.176
-11.684
-11.074
-8.6868
-6.1722
-3.81
-2.2098
-1.016
-0.254
0.9652
2.54
4.9276
7.3914
9.779
10.643
11.125
10.185
7.8232
5.334
3.6322
1.3208
0.3048
-0.2286
-1.397
-3.6322
-6.0452
-7.7724
-10.185
-11.125
-11.659
-11.125
-8.7122
-6.2738
-3.8862
-1.524
-1.0414
-0.3302
0.4318
2.7178
5.1054
7.5438
9.906
10.414
11.024
10.541
8.1788
5.6896
3.2512
0.9652
0.4826
-0.127
-0.9906
-3.2766
-5.6896
-8.128
-10.49
-10.973
-11.582
-10.592
-8.9662
-6.5024
-4.0386
-1.7018
-0.8128
-0.254
0.9398
2.5146
4.9276
7.3914
9.8044
10.668
11.049
10.058
7.7216
6.0198
3.4798
1.1684
0.254
-0.1016
-1.016
-3.302
-5.715
-8.1534
-10.516
-10.998
-11.659
-11.125
-8.7376
-6.2992
-3.8862
-1.5494
-1.0668
-0.3302
0.7112
2.9718
5.3848
7.7978
9.4742
10.795
11.049
10.135
7.747
6.0706
3.556
1.27
0.2794
-0.381
-1.5748
-3.1242
-5.5372
-8.001
-10.363
-11.227
-11.659
-10.973
-8.5598
-6.096
-3.7338
-2.1082
-0.9906
-0.2794
0.762
3.4544
6.1214
10.135
12.929
13.767
14.935
14.402
10.617
7.747
4.9784
2.286
0.5842
-0.1524
-1.0414
-4.6228
-7.4676
-10.287
-13.056
-14.656
-15.418
-14.707
-12.141
-8.2296
-5.4102
-2.6162
-1.651
-0.3556
0.6858
3.1242
6.985
9.8298
12.649
14.122
14.834
13.589
10.846
8.0264
5.1816
2.6416
0.7366
-0.2794
-1.2954
-3.7338
-7.6454
-10.439
-13.259
-14.681
-15.469
-14.402
-11.76
-9.017
-6.1976
-2.2352
-1.4224
-0.3302
1.27
3.8354
6.604
9.3472
12.141
14.351
14.783
13.614
10.871
8.0518
5.2578
2.6924
0.762
-0.1016
-0.889
-4.572
-7.366
-10.109
-12.903
-14.605
-15.443
-14.986
-11.303
-8.4582
-5.6388
-2.8956
-1.1684
-0.3556
1.3208
3.9116
6.6548
9.4742
12.268
13.995
14.783
14.122
11.582
7.5692
4.7498
2.0828
0.5588
-0.127
-1.8034
-4.3688
-7.1628
-9.8806
-13.818
-14.529
-15.392
-14.58
-12.014
-9.2964
-5.3594
-2.4638
-1.524
-0.3556
1.1938
3.7338
6.477
9.2456
13.183
13.894
14.834
13.589
10.871
8.0772
5.2324
2.6416
0.3302
-0.3302
-1.3716
-3.8608
-7.7724
-10.617
-13.386
-14.757
-15.342
-14.834
-12.319
-8.3312
-5.588
-2.7432
-1.1176
-0.3556
0.9398
3.429
6.096
10.109
12.903
14.529
14.834
13.513
10.77
7.8994
5.1308
2.5146
0.7112
-0.1524
-1.0414
-4.699
-7.5438
-10.312
-13.132
-14.681
-15.367
-14.275
-11.633
-8.8392
-6.0198
-2.0828
-1.3208
-0.2794
2.1336
6.7056
10.135
14.986
19.812
20.955
22.504
20.93
16.256
11.354
6.6294
1.778
0.9144
0.127
-2.4638
-7.0866
-11.786
-15.164
-20.117
-21.361
-23.114
-21.184
-16.51
-11.709
-8.2296
-3.2766
-2.0574
-0.3302
2.2098
5.3594
10.236
15.088
19.914
20.98
22.555
20.422
15.697
10.871
7.62
2.6162
1.397
-0.3048
-2.413
-6.9596
-11.709
-16.535
-19.914
-22.022
-23.114
-21.031
-16.332
-12.929
-8.001
-3.0734
-1.9558
-0.3302
2.1336
6.731
10.16
14.986
19.837
20.904
22.352
20.091
16.866
11.938
7.1882
2.2098
1.1684
0.2032
-2.6162
-7.2898
-10.617
-15.494
-20.345
-22.174
-23.114
-21.057
-16.358
-12.954
-8.001
-3.0988
-1.9558
-0.3556
1.6764
6.2484
11.024
15.85
19.202
21.361
22.555
20.726
16.053
11.176
6.477
2.9972
0.8128
0.1016
-2.6924
-7.3406
-10.668
-15.57
-20.422
-22.2
-23.114
-21.082
-16.383
-13.03
-8.0264
-3.1496
-1.27
-0.3048
1.1684
5.6896
10.516
15.342
20.142
21.107
22.454
21.133
16.459
11.557
6.8326
1.905
0.9906
-0.0254
-2.7686
-7.4168
-10.77
-15.672
-20.498
-22.2
-23.038
-21.387
-16.713
-12.014
-6.985
-3.556
-1.4224
-0.0762
2.3114
5.5626
10.414
15.265
20.041
21.057
22.25
21.006
16.358
11.455
6.7564
1.8288
0.9144
0.0762
-2.413
-7.112
-11.887
-15.24
-20.142
-22.123
-23.012
-21.082
-16.408
-13.056
-8.0772
-3.175
-1.2954
-5.3086
-4.3688
-1.7526
2.0828
5.0038
7.7978
8.6868
9.7028
8.763
6.0452
3.2258
0.5842
-3.4544
-4.2164
-5.08
-6.5532
-9.144
-11.811
-15.875
-18.644
-19.431
-20.447
-19.253
-16.535
-13.691
-10.998
-8.1534
-6.2484
-5.3848
-4.1148
-1.5748
1.0668
5.1054
7.9756
9.2456
9.8044
9.5504
5.6642
2.8448
0.1524
-2.6416
-4.3688
-5.1054
-6.8326
-9.4488
-12.192
-14.961
-18.898
-19.558
-20.345
-19.482
-16.789
-13.995
-11.303
-7.2136
-6.3754
-0.3556
0.4572
4.0132
6.8326
9.6774
12.446
15.138
19.177
21.996
24.765
27.559
29.235
30.15
30.124
29.185
26.797
22.936
20.041
17.196
14.529
10.541
7.6708
4.826
2.0574
0.4572
-0.3556
-1.6764
-4.191
-6.8834
-10.871
-13.691
-16.51
-19.279
-21.996
-26.035
-28.88
-29.693
-30.81
-29.921
-27.254
-24.486
-20.599
-17.78
-14.859
-12.065
-9.271
-5.2832
-2.4892
-1.0922
-0.381
0.9652
3.4798
6.1976
8.9408
12.979
15.773
18.618
21.361
25.273
28.092
29.388
30.048
29.235
26.543
23.8
19.837
16.916
14.249
11.506
7.4422
4.6228
1.778
0.3556
-0.3048
-1.8288
-4.3942
-7.1374
-9.8806
-13.894
-16.739
-19.533
-22.301
-26.213
-29.032
-30.226
-30.785
-29.921
-27.229
-24.46
-21.742
-17.755
-14.808
-11.989
-9.2456
-5.2578
-2.4638
-1.0668
-0.4318
1.143
3.7338
6.4516
9.2202
13.183
16.002
18.847
21.615
24.308
28.321
29.489
30.074
29.388
26.721
22.835
19.964
17.069
14.376
11.659
7.5438
4.7498
1.9304
0.9652
-0.1016
-1.7526
-4.3688
-7.112
-9.8552
-13.843
-16.713
-19.507
-22.276
-26.213
-29.007
-29.794
-30.709
-30.709
-26.848
-24.054
-21.285
-18.542
-14.453
-11.582
-8.763
-5.969
-3.2766
-1.3716
-0.381
1.1684
3.7338
6.5024
9.271
12.065
16.027
18.872
21.666
24.359
28.346
29.058
29.921
28.931
26.264
23.495
20.777
16.662
13.97
11.176
8.3566
4.3688
1.524
0.7366
-0.1524
-1.9304
-4.5212
-7.3406
-10.084
-12.903
-16.891
-19.736
-22.504
-25.248
-29.159
-29.845
-30.709
-30.251
-27.584
-23.673
-20.879
-18.085
-15.189
-12.395
-8.3566
-5.5118
-2.7686
-1.778
-5.715
-5.1054
-2.3114
0.4064
4.5212
7.3406
8.2296
9.3218
8.6106
5.8928
3.1242
-0.8382
-3.7592
-4.5974
-6.1468
-7.2898
-9.906
-12.7
-15.519
-18.313
-20.142
-20.853
-20.879
-17.018
-14.199
-11.379
-8.4836
-6.7564
-5.8928
-4.7752
-2.3114
1.5748
4.4958
7.3152
8.1788
9.1694
8.1026
5.334
2.5146
-0.254
-3.0226
-4.8768
-5.7912
-7.3152
-9.8806
-12.649
-15.469
-19.431
-20.117
-20.93
-20.117
-17.399
-14.58
-11.811
-7.6708
-6.9342
-0.2286
1.651
6.2992
11.1
15.926
19.38
24.181
29.083
33.96
38.786
42.113
44.475
45.695
43.18
38.557
35.154
30.175
25.4
20.523
15.646
12.268
7.366
2.4638
1.2954
0.0762
-1.9558
-6.604
-11.43
-16.307
-21.031
-24.435
-29.312
-34.163
-39.065
-43.84
-44.806
-46.152
-43.79
-39.218
-35.814
-30.886
-25.908
-21.057
-16.231
-12.878
-7.9502
-3.0734
-1.905
-0.2794
1.2954
5.8674
10.719
15.57
20.345
25.146
28.6
33.503
38.354
43.205
44.221
45.415
43.459
38.811
33.96
30.531
25.679
20.803
15.9
11.074
7.747
2.8194
0.7874
0.127
-2.6162
-7.239
-10.566
-15.469
-20.371
-25.197
-30.048
-34.849
-38.176
-43.104
-45.136
-45.974
-44.704
-39.98
-35.128
-30.328
-25.349
-21.946
-17.043
-12.167
-7.3152
-2.5146
-1.5748
-5.7912
-5.4864
-1.4986
1.2954
4.191
7.0104
8.5598
9.398
8.5852
5.842
3.1242
-0.889
-3.7338
-4.5974
-5.7404
-7.0104
-9.4996
-13.36
-16.231
-19.025
-19.914
-20.828
-20.422
-17.755
-13.843
-10.922
-8.1026
-7.1882
-5.9944
-5.1816
-1.6002
1.1684
4.0386
6.8072
8.4836
9.2202
8.0518
5.2578
2.413
-0.2794
-3.048
-4.9022
-5.7404
-6.7564
-9.2456
-13.208
-16.078
-18.872
-20.345
-20.93
-20.803
-17.018
-14.224
-11.278
-8.509
-6.7818
-0.2286
2.286
9.3472
14.808
21.793
27.229
32.639
39.802
45.187
52.299
57.81
59.842
60.96
57.455
52.197
45.06
39.624
32.664
27.076
21.717
14.605
9.144
2.0828
1.1176
1.1102e-16
-3.429
-10.262
-15.799
-21.133
-28.169
-33.63
-40.615
-46.152
-51.486
-58.674
-59.817
-61.366
-58.522
-51.765
-46.33
-41.021
-33.655
-28.245
-21.209
-15.748
-8.7376
-3.2258
-1.27
-0.254
3.2004
8.5344
15.57
21.031
27.965
33.528
38.938
45.974
51.511
58.496
59.512
60.909
58.141
51.181
45.669
40.361
33.249
27.762
20.65
15.215
8.1788
2.6924
0.7112
-0.0762
-3.8862
-9.1948
-16.231
-21.641
-26.975
-34.163
-39.548
-46.558
-52.019
-59.08
-60.046
-61.265
-58.217
-52.908
-45.822
-40.361
-33.223
-27.686
-22.301
-15.24
-9.8044
-2.7686
-1.7018
-5.969
-5.3848
-1.8034
0.9906
3.8608
6.7056
8.3566
9.144
8.9408
5.0038
2.2352
-0.6096
-3.429
-5.1308
-5.8674
-6.7818
-10.439
-13.284
-16.154
-18.974
-20.472
-21.057
-19.99
-17.221
-14.402
-11.481
-8.7122
-6.9596
-5.9436
-5.0546
-2.6162
1.2954
4.2164
7.0358
8.4836
9.1694
8.6868
4.8768
2.0828
-0.7874
-3.6322
-5.1816
-5.842
-6.985
-9.6012
-13.513
-16.434
-19.228
-20.574
-21.031
-20.218
-17.501
-14.732
-11.811
-7.874
-7.0866
-0.4572
6.1214
14.148
24.028
33.807
41.961
51.841
59.919
69.875
79.654
87.833
90.221
91.44
85.115
77.191
67.234
57.429
49.327
39.37
29.591
21.387
11.557
3.5306
0.8128
-0.0254
-5.715
-15.596
-25.349
-33.426
-43.332
-51.232
-61.366
-71.069
-79.197
-88.951
-91.034
-92.05
-86.157
-78.232
-68.224
-58.318
-50.165
-40.284
-30.531
-22.301
-12.497
-4.445
-2.794
-0.7112
5.842
13.741
23.724
33.579
41.605
51.511
61.341
69.494
79.4
87.325
90.068
91.415
85.903
76.048
68.097
58.141
48.235
40.183
30.226
20.447
12.294
2.413
1.1684
-0.4318
-6.9088
-14.783
-24.714
-34.544
-42.621
-52.476
-60.427
-70.409
-80.213
-88.189
-89.814
-91.821
-86.792
-76.962
-68.91
-58.801
-49.022
-40.919
-31.013
-23.063
-13.056
-3.2258
-2.0828
-7.4422
-6.8326
-3.2512
-0.4572
2.3876
5.1562
6.9088
7.6708
6.5278
3.7592
0.9398
-1.8288
-4.572
-6.5024
-7.112
-8.2804
-10.77
-14.757
-17.602
-20.422
-21.92
-22.504
-21.463
-18.745
-15.9
-13.056
-10.312
-8.4582
-7.5184
-5.9182
-3.3782
-0.635
2.1336
6.096
6.7818
7.5692
7.4168
3.556
0.7874
-2.0574
-4.8006
-6.5532
-7.2898
-8.0264
-11.735
-14.529
-17.348
-20.117
-21.793
-22.504
-21.463
-18.745
-15.9
-13.005
-10.287
-8.4328
-0.1016
9.5758
20.244
32.944
45.491
58.039
70.663
81.255
93.955
106.63
119.2
121.26
122.33
112.88
102.36
89.738
77.038
64.389
51.816
39.345
28.651
15.977
3.3528
1.8542
-0.5842
-8.763
-21.285
-33.833
-46.279
-57.023
-69.596
-82.169
-94.742
-107.19
-117.86
-120.95
-122.43
-114.76
-102.06
-89.459
-76.708
-64.135
-51.638
-40.894
-28.219
-15.672
-3.0988
-1.8796
-0.1016
8.763
21.26
33.858
46.304
57.099
69.748
82.321
94.92
107.34
118.11
120.93
122.28
114.22
101.6
89.103
76.429
63.856
53.238
40.564
27.915
15.342
2.794
0.8382
0.2032
-8.7376
-21.26
-33.833
-46.33
-56.998
-69.621
-82.245
-94.793
-107.26
-117.88
-121.01
-122.35
-113.16
-102.51
-89.865
-77.064
-64.465
-51.892
-39.472
-28.651
-16.027
-3.429
-1.2446
-7.5946
-6.8326
-4.064
-1.3462
2.7686
5.6642
6.9596
7.5184
7.1882
3.4036
0.5334
-2.3114
-5.1308
-6.8072
-7.5692
-8.7376
-11.252
-13.919
-18.059
-20.904
-21.692
-22.708
-22.377
-19.787
-15.697
-12.878
-10.008
-9.0424
-7.7724
-6.5532
-4.0894
-0.2032
2.6924
5.5372
6.4008
7.5692
7.0866
4.4704
0.4064
-2.4384
-5.2832
-6.2738
-7.3406
-8.9408
-11.582
-14.3
-17.12
-21.133
-21.844
-22.657
-21.793
-19.152
-16.332
-13.462
-9.4996
-8.7122
-0.6096
4.0894
13.792
23.876
34.061
44.171
54.305
64.44
74.498
84.607
94.793
104.98
115.11
125.22
135.43
148.72
150.34
152.58
146.94
137.24
127.1
117.02
106.83
96.647
86.462
76.276
66.167
56.007
45.898
35.738
25.603
15.494
5.334
2.7432
-0.5842
-4.6736
-14.224
-24.308
-34.417
-44.602
-54.661
-67.869
-78.003
-88.163
-98.323
-108.48
-118.57
-128.73
-138.86
-149.07
-151
-153.62
-148.16
-138.35
-128.22
-118.16
-107.77
-97.587
-87.478
-77.343
-67.158
-57.048
-46.863
-36.805
-26.619
-16.485
-6.3246
-2.4638
-0.6858
6.0706
16.002
26.137
36.347
46.457
56.642
66.751
76.962
87.147
97.257
107.47
117.6
127.79
137.87
148.11
150.06
152.4
147.9
138.15
128.07
117.96
107.87
97.688
87.528
77.394
67.208
57.125
46.99
36.881
26.721
16.586
3.3782
1.651
-0.5842
-5.9182
-15.748
-25.832
-35.992
-46.101
-56.236
-66.345
-76.479
-86.614
-96.723
-106.91
-117.07
-127.13
-137.26
-147.35
-151.61
-153.62
-148.16
-138.15
-128.04
-117.98
-107.57
-97.409
-87.274
-77.14
-66.98
-56.871
-46.711
-36.601
-26.416
-16.307
-6.096
-2.413
-0.5588
6.731
17.272
31.547
42.469
56.54
67.691
78.486
92.761
103.68
117.7
128.91
139.75
154
164.95
178.97
180.72
183.08
177.14
163.32
152.32
141.66
127.13
116.2
102.06
91.034
80.289
65.964
55.016
40.894
29.845
19.101
4.7498
2.413
-0.5842
-8.2296
-18.796
-32.969
-44.018
-54.788
-69.139
-80.061
-94.107
-105.18
-116
-130.33
-141.22
-155.24
-166.34
-177.19
-181.94
-184.12
-178.59
-164.69
-153.77
-139.57
-128.42
-117.65
-103.25
-92.329
-78.257
-67.132
-56.413
-42.037
-31.09
-17.043
-5.8928
-2.3368
-0.1016
6.1468
19.787
30.937
41.707
56.007
67.005
81.026
92.151
102.97
117.22
128.22
142.27
153.39
164.21
178.49
180.47
182.91
177.24
163.53
152.6
141.94
127.36
116.46
102.29
91.262
80.543
66.116
55.22
41.072
30.023
19.304
4.9022
2.54
1.1102e-16
-6.2738
-20.066
-31.064
-45.034
-56.21
-67.081
-81.255
-92.278
-103
-117.4
-128.27
-142.42
-153.47
-164.19
-178.51
-180.92
-184.12
-177.65
-167.18
-152.68
-141.76
-127.48
-116.46
-105.74
-91.288
-80.467
-66.192
-55.194
-44.526
-30.074
-19.202
-5.0038
-3.0988
-8.1026
-6.985
-4.3942
-1.6256
2.413
5.2578
6.0452
6.9342
6.7056
2.9464
0.1016
-2.6416
-5.4864
-7.2136
-7.7724
-8.9916
-11.532
-15.443
-18.288
-21.107
-22.047
-23.063
-22.098
-19.507
-16.612
-13.767
-10.998
-9.1186
-8.1026
-6.6294
-4.1148
-1.3716
1.4478
5.4102
6.1468
6.9596
5.842
3.1242
0.3048
-2.4638
-5.2578
-7.1628
-7.7724
-9.017
-11.557
-15.545
-18.415
-21.209
-22.098
-23.063
-22.835
-19.202
-16.281
-13.411
-10.566
-9.5758
-0.254
5.5118
15.519
25.806
36.017
46.304
59.944
70.282
80.67
91.059
101.4
111.73
121.97
132.18
145.75
156.16
166.5
176.89
187.22
197.64
207.9
212.09
214.12
209.52
199.69
186.13
175.77
165.4
155.02
144.65
134.29
124.03
113.74
100.33
89.941
79.477
69.164
58.826
48.489
38.151
27.864
17.628
4.1148
2.1844
0.2032
-5.842
-15.85
-26.086
-36.373
-46.634
-60.173
-70.51
-80.899
-91.288
-101.65
-111.99
-122.28
-132.51
-145.97
-156.41
-166.78
-177.09
-187.43
-197.79
-208.1
-210.87
-214.5
-208.46
-198.25
-187.91
-177.55
-167.23
-156.95
-143.43
-132.97
-122.63
-112.27
-101.9
-91.542
-81.255
-70.993
-60.808
-47.168
-36.779
-26.416
-16.078
-5.6896
-3.3274
-0.5842
5.6388
15.672
25.908
36.195
46.431
60.02
70.383
80.772
91.186
101.52
111.84
122.12
132.33
145.82
156.24
166.6
177.01
187.35
197.71
208.03
212.93
214.07
209.96
196.98
186.64
176.25
165.91
155.52
145.16
134.87
124.56
111.2
100.74
90.348
79.908
69.596
59.309
48.997
38.71
28.473
14.961
4.5466
2.4892
1.1102e-16
-5.9944
-15.977
-26.213
-36.525
-46.787
-60.249
-70.561
-81.001
-91.415
-101.8
-112.14
-122.43
-132.69
-142.93
-156.46
-166.83
-177.19
-187.53
-197.89
-208.18
-212.47
-214.58
-209.17
-199.09
-188.75
-178.43
-164.95
-154.46
-144.04
-133.63
-123.34
-113.03
-102.69
-92.431
-82.194
-68.656
-58.217
-47.828
-37.414
-27.127
-16.84
-6.5278
-2.3114
-0.254
7.62
18.263
32.283
43.256
53.95
68.326
79.121
93.269
104.19
118.14
129.26
140
154.23
165.07
179.1
190.14
200.84
215.09
225.88
240.11
243.08
244.6
237.67
227.38
213.08
202.31
188.14
177.14
166.5
152.15
141.38
127.2
116.26
102.26
91.262
80.493
66.269
55.397
41.351
30.328
16.408
5.334
2.8956
-0.2794
-5.7912
-19.482
-30.378
-44.45
-55.423
-66.065
-80.442
-91.237
-105.41
-116.36
-130.4
-141.38
-152.07
-166.32
-177.16
-191.26
-202.18
-216.23
-227.15
-237.97
-242.8
-245.16
-239.12
-225.2
-214.22
-203.5
-189.08
-178.26
-164.06
-153.16
-139.17
-128.12
-117.45
-103.1
-92.253
-78.181
-67.208
-53.213
-42.164
-31.42
-17.196
-6.3246
-1.4224
-0.254
7.4422
17.958
32.055
42.977
53.619
68.072
78.791
93.04
103.91
117.96
129.01
139.7
154.03
164.8
178.89
189.87
203.81
214.91
225.6
239.8
243
244.25
238.1
224.66
213.51
202.77
188.57
177.62
163.58
152.55
141.83
127.53
116.69
102.57
91.618
77.699
66.624
55.829
41.631
30.734
16.713
5.715
1.6764
-0.3302
-5.461
-19.228
-29.997
-44.171
-55.118
-69.139
-80.162
-90.881
-105.16
-116.03
-130.15
-141.1
-151.74
-166.09
-176.83
-191.01
-201.93
-215.93
-226.9
-237.59
-243.69
-245.08
-239.47
-225.45
-214.53
-200.48
-189.41
-178.66
-164.34
-153.52
-139.4
-128.4
-114.43
-103.38
-92.634
-78.41
-67.539
-53.442
-42.469
-31.801
-17.501
-6.6802
-3.7846
-8.2296
-7.0612
-4.4196
-1.6764
1.0922
5.1308
5.9182
7.0358
6.1976
3.556
-0.3556
-3.1242
-6.0198
-6.9596
-8.2296
-9.398
-11.786
-15.621
-18.491
-21.336
-22.225
-23.343
-22.86
-20.396
-16.307
-13.462
-10.668
-9.7028
-8.255
-6.9596
-4.4704
-1.8034
2.2098
5.0038
5.842
6.7818
5.7404
3.0988
0.3302
-2.413
-6.4008
-7.1882
-8.1026
-9.4234
-11.887
-14.554
-18.644
-21.463
-22.301
-23.343
-22.327
-19.787
-16.916
-14.122
-10.16
-9.3726
-0.5842
7.874
22.301
33.503
48.438
63.195
77.775
89.205
103.94
118.64
129.84
144.78
159.51
174.12
185.45
200.3
214.93
226.06
240.97
255.78
270.36
273.48
275.06
266.88
252.58
241.25
226.36
211.61
196.98
185.6
170.84
156.18
144.98
130.07
115.27
100.66
89.306
74.447
59.817
48.641
33.706
18.923
4.318
2.159
-0.0508
-9.652
-20.701
-35.56
-50.267
-64.821
-76.327
-91.11
-105.71
-117.04
-131.9
-146.63
-161.19
-172.62
-187.38
-201.98
-213.23
-228.07
-242.75
-257.38
-268.71
-273.53
-275.89
-267.11
-252.88
-241.38
-226.52
-211.76
-200.51
-185.62
-170.92
-156.34
-144.86
-130.05
-115.37
-104.14
-89.256
-74.524
-59.995
-48.539
-33.731
-19.025
-7.8994
-2.8702
-0.8128
8.9408
20.091
34.976
49.657
60.782
75.717
90.526
105.08
116.46
131.32
146.05
160.58
172.06
186.84
201.47
212.72
227.58
242.32
256.82
268.25
272.82
274.93
267.44
253.24
238.58
227.13
212.34
197.61
186.44
171.53
156.77
142.14
130.81
115.9
101.22
90.094
75.159
60.401
45.771
34.493
19.583
4.9022
2.6162
-0.4826
-8.3566
-22.657
-33.807
-48.717
-63.5
-78.181
-89.459
-104.34
-119.1
-133.6
-145.11
-159.89
-174.55
-185.78
-200.61
-215.34
-229.87
-241.33
-256.06
-270.61
-272.8
-275.74
-269.54
-254.86
-240.03
-225.4
-214
-199.09
-184.4
-173.28
-158.29
-143.56
-128.96
-117.63
-102.72
-88.087
-76.962
-61.976
-47.193
-32.614
-21.311
-6.4262
-2.4892
-0.5842
10.516
25.705
40.919
56.185
71.399
86.741
101.96
117.25
132.44
147.68
162.99
178.21
193.47
208.74
223.98
239.17
254.36
269.54
284.81
300.1
302.51
305.51
296.75
281.99
266.75
251.43
236.27
221.01
205.71
190.45
175.23
160.02
144.81
129.51
114.3
99.06
83.82
68.58
53.391
38.176
22.962
7.7216
2.2098
-0.4318
-8.8392
-23.673
-38.938
-54.153
-69.367
-84.582
-99.822
-115.09
-130.3
-145.52
-160.71
-175.95
-191.13
-210.01
-225.25
-240.41
-255.6
-270.76
-286.03
-301.22
-303.45
-306.58
-296.34
-281.2
-265.91
-250.75
-235.43
-220.14
-204.85
-189.61
-174.37
-159.16
-143.87
-128.63
-113.39
-98.095
-82.855
-67.666
-52.426
-37.211
-21.946
-6.731
-2.54
-0.5334
8.001
22.936
38.176
53.416
68.605
83.82
99.085
114.27
129.54
144.73
163.55
178.79
194.03
209.37
224.59
239.8
255.02
270.28
285.42
300.63
302.77
305.56
297.41
282.7
267.54
252.17
236.96
221.72
206.48
191.21
176
160.78
141.94
126.72
111.46
96.215
80.874
65.684
50.444
35.23
19.914
4.6482
2.4892
-0.5842
-9.4488
-24.282
-39.522
-54.737
-69.977
-85.192
-100.46
-115.72
-130.94
-146.13
-161.39
-176.61
-191.82
-207.04
-222.3
-237.52
-252.73
-267.92
-283.08
-298.12
-303.71
-306.5
-297
-281.89
-266.62
-251.38
-236.14
-220.83
-205.61
-190.3
-175.11
-159.89
-144.58
-129.36
-114.15
-98.857
-83.642
-68.402
-53.213
-37.948
-22.733
-7.5184
-4.3434
-7.7724
-7.3152
-3.4798
-0.635
2.1844
5.0292
6.0452
7.2136
6.858
4.4704
0.4318
-2.3876
-5.1562
-6.096
-7.4168
-8.509
-10.897
-14.859
-17.729
-20.574
-21.996
-22.784
-21.946
-19.329
-16.485
-13.64
-9.6774
-8.9154
-7.8232
-6.2992
-3.7592
-1.016
1.8034
5.7912
6.477
7.2898
6.9088
4.5212
0.4318
-2.3622
-5.1308
-6.1214
-7.5438
-8.382
-11.913
-14.707
-17.602
-20.422
-21.361
-22.758
-21.92
-19.279
-16.434
-13.614
-9.6266
-8.8646
-0.3302
6.7056
21.057
35.56
46.838
61.544
76.022
87.351
102.03
116.59
127.91
142.6
157.05
168.4
183.08
197.54
208.91
223.52
237.95
249.38
263.93
274.98
289.76
304.27
315.42
330.25