0
13.094
25.097
42.554
67.65
94.929
132.03
158.22
192.04
214.95
249.87
277.15
298.97
319.7
333.89
313.16
285.88
254.24
231.32
199.68
164.76
110.2
86.202
42.554
9.8203
-29.461
-76.381
-113.48
-156.04
-187.68
-207.32
-248.78
-255.33
-277.15
-300.07
-329.53
-350.26
-362.26
-333.89
-302.25
-266.24
-230.23
-187.68
-154.94
-123.3
-102.57
-61.102
-33.825
13.094
60.012
113.48
166.95
211.68
244.42
300.07
361.17
388.45
426.64
459.39
479.01
498.67
440.82
401.54
343.71
294.61
259.69
213.86
170.22
125.48
78.561
43.646
-17.458
-69.834
-125.48
-185.49
-229.14
-277.15
-342.62
-393.9
-431
-468.11
-510.67
-528.11
-472.47
-416.82
-370.99
-330.62
-284.79
-248.78
-208.41
-156.04
-85.108
-32.734
4.3646
62.196
116.75
183.31
202.95
279.33
339.35
385.17
424.45
472.47
527.04
570.68
599.06
620.85
633.97
607.77
578.28
548.84
487.72
450.63
424.45
404.81
380.81
358.98
340.44
319.7
308.79
288.06
271.7
252.05
229.14
208.41
185.49
136.39
109.11
84.018
65.47
43.646
25.097
9.8203
-12.002
-28.37
-50.191
-67.65
-87.292
-108.02
-123.3
-144.03
-160.4
-201.86
-223.69
-246.6
-259.69
-300.07
-325.16
-348.07
-364.44
-384.08
-400.45
-440.82
-464.82
-487.72
-504.09
-523.75
-537.94
-554.31
-567.39
-587.05
-599.06
-616.49
-629.57
-643.76
-653.59
-665.6
-677.61
-674.32
-656.88
-636.15
-604.48
-583.76
-556.49
-534.65
-513.92
-498.67
-477.94
-456.1
-422.27
-401.54
-381.9
-358.98
-334.98
-308.79
-277.15
-245.51
-221.5
-197.5
-187.68
-164.76
-134.21
-108.02
-86.202
-66.56
-33.825
-8.7292
27.279
74.197
90.566
118.94
142.94
161.49
197.5
242.23
285.88
329.53
364.44
388.45
425.54
453.92
487.72
517.21
552.13
583.76
604.48
624.14
597.94
577.22
557.56
501.91
467
446.27
414.63
388.45
356.81
313.16
266.24
200.77
180.04
147.3
114.57
90.566
67.65
45.828
15.276
-6.547
-45.828
-80.745
-121.12
-165.85
-209.5
-225.86
-257.51
-286.97
-312.07
-334.98
-356.81
-405.91
-434.28
-461.57
-486.66
-535.76
-579.4
-615.43
-652.52
-677.61
-659.06
-631.79
-606.66
-578.28
-515.03
-495.37
-481.18
-459.39
-433.19
-408.09
-385.17
-346.98
-324.07
-309.88
-284.79
-249.87
-220.41
-188.77
-163.67
-140.76
-114.57
-87.292
-62.196
-33.825
-10.911
5.4559
27.279
45.828
77.471
106.93
130.94
158.22
188.77
231.32
268.42
302.25
337.16
369.9
395
434.28
476.83
522.64
564.14
589.23
621.96
637.22
645.94
652.52
656.88
652.52
651.41
651.41
614.31
577.22
546.66
519.39
488.84
457.21
436.46
413.54
392.81
374.26
350.26
312.07
281.51
250.97
228.05
202.95
173.49
135.3
108.02
86.202
58.923
41.463
19.641
-3.2734
-31.643
-50.191
-75.287
-102.57
-114.57
-128.76
-162.58
-186.58
-221.5
-246.6
-276.06
-317.52
-358.98
-397.18
-425.54
-464.82
-484.48
-511.74
-536.83
-568.5
-602.3
-628.5
-653.59
-671.07
-684.15
-691.8
-696.16
-693.98
-696.16
-693.98
-690.69
-691.8
-688.51
-689.62
-681.97
-655.77
-625.21
-600.12
-565.21
-533.58
-507.38
-475.76
-445.2
-417.91
-396.09
-307.7
-261.88
-213.86
-163.67
-129.85
-102.57
-85.108
-54.559
-32.734
-4.3646
9.8203
34.917
64.376
93.839
116.75
140.76
182.22
199.68
218.23
249.87
288.06
327.34
354.62
395
422.27
452.81
473.58
488.84
530.29
556.49
588.11
601.24
613.2
629.57
603.42
582.69
557.56
535.76
501.91
474.65
378.63
342.62
304.43
276.06
243.32
210.59
144.03
101.48
66.56
31.643
0
-30.552
-76.381
-105.84
-141.85
-171.31
-201.86
-258.6
-291.34
-348.07
-385.17
-433.19
-474.65
-505.2
-530.29
-553.2
-578.28
-604.48
-627.39
-650.34
-666.71
-672.14
-652.52
-613.2
-575.04
-575.04
-532.47
-496.49
-453.92
-410.27
-365.53
-296.79
-259.69
-233.51
-204.04
-180.04
-154.94
-130.94
-103.66
-77.471
-50.191
-34.917
-5.4559
16.367
43.646
70.923
101.48
117.85
137.48
163.67
199.68
224.78
269.51
302.25
336.07
364.44
391.72
440.82
484.48
531.4
549.95
572.86
611.02
625.21
640.51
645.94
647.05
645.94
647.05
647.05
577.22
542.3
468.11
438.64
391.72
353.53
277.15
236.78
198.59
165.85
132.03
92.745
57.828
31.643
1.0911
-19.641
-46.918
-91.655
-184.41
-214.95
-240.05
-274.97
-319.7
-350.26
-397.18
-444.1
-485.54
-506.27
-536.83
-579.4
-611.02
-629.57
-649.23
-662.31
-668.89
-674.32
-676.5
-679.79
-640.51
-588.11
-535.76
-481.18
-445.2
-420.09
-378.63
-285.88
-248.78
-211.68
-183.31
-142.94
-111.3
-84.018
-61.102
-32.734
-4.3646
32.734
89.476
113.48
156.04
205.14
238.96
284.79
327.34
363.35
389.54
412.45
438.64
473.58
517.21
551.02
575.04
592.47
604.48
613.2
556.49
485.54
459.39
410.27
376.44
348.07
308.79
269.51
241.14
202.95
144.03
102.57
65.47
44.738
18.549
-8.7292
-30.552
-67.65
-102.57
-127.66
-170.22
-194.22
-210.59
-217.14
-249.87
-292.42
-321.89
-355.71
-387.35
-434.28
-461.57
-484.48
-519.39
-577.22
-603.42
-629.57
-645.94
-654.7
-661.24
-650.34
-611.02
-577.22
-497.55
-456.1
-413.54
-375.35
-312.07
-278.24
-238.96
-206.23
-150.58
-103.66
-60.012
-31.643
-4.3646