-0.01
-0.02
-0.03
-0.06
-0.1
-0.52
-2.62
-4.86
-5.96
-7.51
-8.8
-9.57
-9.79
-9.89
-9.88
-9.82
-9.77
-9.71
-9.61
-9.48
-9.37
-9.25
-9.12
-8.98
-8.82
-8.67
-8.51
-8.36
-8.19
-7.95
-7.51
-6.73
-5.92
-5.12
-4.36
-3.61
-2.97
-2.33
-1.8
-1.31
-0.87
-0.46
-0.24
-0.11
-0.08
0.03
0.41
0.86
1.37
1.98
2.58
3.19
3.88
4.48
5.11
5.75
6.46
7.1
7.74
8.39
9.08
9.69
10.3
10.96
11.56
12.17
12.77
13.42
14
14.57
15.13
15.73
16.24
16.75
17.02
16.95
16.4
15.57
14.81
14.07
13.37
12.71
12.03
11.43
10.85
10.22
9.67
9.15
8.57
8.07
7.58
7.05
6.36
5.49
4.49
3.53
2.66
1.75
1
0.39
-0.15
-0.22
-0.66
-1.31
-2.13
-3.04
-3.92
-4.76
-5.74
-6.84
-7.83
-8.74
-9.43
-9.78
-9.9
-9.88
-9.84
-9.8
-9.76
-9.71
-9.65
-9.58
-9.48
-9.37
-9.14
-8.83
-8.33
-7.68
-6.9
-6.19
-5.5
-4.84
-4.18
-3.61
-3.05
-2.46
-1.93
-1.38
-0.85
-0.34
-0.13
-0.09
0.2
0.7
1.22
1.79
2.32
2.85
3.38
3.95
4.49
5.04
5.58
6.19
6.75
7.3
7.91
8.45
8.99
9.56
10.07
10.6
11.12
11.69
12.21
12.72
13.23
13.74
14.28
14.76
15.23
15.73
16.16
16.52
16.64
16.29
15.58
14.79
13.93
13.16
12.44
11.7
11.05
10.42
9.8
9.21
8.57
8.01
7.46
6.86
6.09
5.21
4.24
3.27
2.47
1.71
1.02
0.39
-0.13
-0.19
-0.57
-1.14
-1.84
-2.61
-3.43
-4.4
-5.33
-6.29
-7.36
-8.3
-9.09
-9.61
-9.78
-9.78
-9.73
-9.66
-9.53
-9.39
-9.23
-9.04
-8.87
-8.67
-8.44
-8.11
-7.65
-7.05
-6.46
-5.84
-5.16
-4.55
-3.95
-3.29
-2.66
-2.04
-1.44
-0.84
-0.37
-0.16
-0.11
0.07
0.58
1.07
1.6
2.11
2.62
3.13
3.68
4.2
4.73
5.27
5.8
6.4
6.94
7.54
8.07
8.61
9.12
9.62
10.18
10.69
11.2
11.76
12.26
12.77
13.26
13.8
14.28
14.81
15.27
15.71
16.12
16.42
16.38
15.85
15.09
14.24
13.49
12.71
12.04
11.4
10.72
10.12
9.53
8.96
8.33
7.76
7.1
6.21
5.13
4.2
3.34
2.49
1.76
1.09
0.52
0.49
-0.13
-0.2
-0.61
-1.32
-2.09
-2.93
-3.78
-4.81
-5.8
-6.83
-7.98
-9.04
-10.06
-10.98
-11.77
-12.48
-13.14
-13.82
-14.39
-14.94
-15.44
-15.89
-16.3
-16.59
-16.89
-17.02
-17.15
-17.26
-17.35
-17.44
-17.51
-17.57
-17.6
-17.58
-17.51
-17.38
-16.95
-16.16
-15.29
-14.37
-13.57
-12.79
-12
-11.27
-10.48
-9.34
-8.13
-6.85
-5.56
-4.23
-3.07
-2.01
-1.09
-0.32
-0.11
0.39
1.14
1.89
2.71
3.58
4.64
5.66
6.73
7.82
8.93
10.13
11.26
12.53
13.71
14.91
16.1
17.26
18.38
19.54
20.54
21.46
22.35
23.06
23.66
24.23
24.46
24.5
24.36
24.03
23.64
23.23
22.8
22.29
21.76
21.14
20.35
19.19
18.03
16.78
15.69
14.62
13.58
12.47
11.47
10.45
9.32
7.82
6.43
4.97
3.78
2.7
1.69
0.81
0.07
-0.22
-0.8
-1.64
-2.64
-3.63
-4.68
-5.93
-7.14
-8.41
-9.71
-11.14
-12.42
-13.61
-14.62
-15.59
-16.36
-16.92
-17.34
-17.6
-17.7
-17.79
-17.84
-17.88
-17.83
-17.58
-16.84
-16.04
-15.28
-14.46
-13.74
-12.96
-12.2
-11.24
-9.75
-8.04
-6.28
-4.85
-3.56
-2.47
-1.47
-0.69
-0.19
-0.06
0.62
1.32
2.05
2.9
3.71
4.57
5.47
6.38
7.41
8.34
9.27
10.26
11.2
12.15
13.2
14.17
15.14
16.11
17.17
18.13
19.07
20.01
20.99
21.85
22.64
23.27
23.49
23.56
23.49
23.15
22.64
22.11
21.54
21.04
20.51
19.88
19.19
18.23
17.02
15.63
14.4
13.21
12.06
10.95
9.78
8.79
7.84
6.81
5.87
4.86
3.73
2.71
1.74
0.89
0.13
-0.19
-0.66
-1.36
-2.31
-3.23
-4.24
-5.44
-6.6
-7.83
-9.21
-10.49
-11.78
-13.04
-14.4
-15.48
-16.34
-16.97
-17.3
-17.55
-17.7
-17.75
-17.72
-17.66
-17.11
-16.39
-15.7
-14.97
-14.32
-13.62
-13
-12.39
-11.61
-10.55
-9
-7.31
-5.74
-4.35
-3.02
-2.02
-1.17
-0.39
-0.11
0.27
0.97
1.68
2.44
3.32
4.18
5.07
5.99
7.02
7.96
8.99
9.9
10.83
11.78
12.72
13.79
14.74
15.71
16.76
17.72
18.68
19.62
20.64
21.52
22.12
22.53
22.73
22.81
22.7
22.17
21.6
21
20.49
19.99
19.45
18.97
18.49
17.8
16.89
15.8
14.7
13.5
12.44
11.4
10.38
9.36
8.2
7.07
5.91
4.7
3.7
2.76
1.88
1.09
0.41
-0.15
-0.39
-0.93
-1.62
-2.44
-3.23
-4.01
-4.9
-5.92
-6.9
-8
-9.02
-10.05
-11.09
-12.22
-13.25
-14.27
-15.29
-16.39
-17.36
-18.27
-19.06
-19.82
-20.46
-21.05
-21.55
-21.84
-22.27
-22.66
-22.94
-23.13
-23.04
-22.89
-22.77
-22.68
-22.59
-22.5
-22.42
-22.22
-21.44
-20.51
-19.61
-18.64
-17.6
-16.33
-14.64
-12.74
-11.13
-9.6
-8.12
-6.58
-5.24
-4.02
-2.88
-1.68
-0.68
-0.1
0.49
1.59
2.66
3.81
5.2
6.55
7.95
9.52
10.95
12.44
13.96
15.67
17.24
18.99
21.52
23.03
24.37
25.4
26.79
27.44
28.02
28.4
28.33
28.11
27.98
27.88
27.8
27.72
27.63
27.31
26.5
25.4
24.39
23.42
22.49
21.38
20.12
18.58
17.14
15.72
14.17
12.75
11.24
9.67
8.01
6.56
5.17
3.92
2.59
1.45
0.48
-0.84
-1.8
-2.81
-3.98
-5.12
-6.32
-7.72
-9.1
-10.57
-12.33
-14.01
-15.7
-17.34
-18.82
-19.71
-20.46
-21.14
-21.82
-22.36
-22.79
-22.99
-22.99
-23.01
-22.97
-22.86
-22.45
-21.74
-20.76
-19.75
-18.69
-17.57
-16.29
-15.12
-13.73
-12.28
-10.77
-9.24
-7.74
-6.25
-5.05
-3.9
-2.8
-1.7
-0.79
-0.13
0.32
1.21
2.17
3.32
4.46
5.68
6.98
8.43
9.75
11.08
12.6
13.97
15.36
16.9
18.31
19.71
21.11
22.62
23.95
25.21
26.28
26.96
27.28
27.32
27.18
27.1
27.03
26.98
26.92
26.8
26.24
25.39
24.48
23.41
22.34
21.14
19.98
18.65
17.3
15.84
14.38
12.79
11.38
9.95
8.45
6.81
5.4
4.11
2.8
1.69
0.74
-0.45
-1.16
-2.02
-3.06
-4.08
-5.18
-6.34
-7.72
-9.06
-10.67
-12.22
-13.84
-15.64
-17.18
-18.4
-19.36
-20.27
-21.02
-21.66
-22.06
-22.18
-22.13
-22.09
-22.04
-22
-21.75
-21.14
-20.23
-19.31
-18.35
-17.37
-16.2
-15.07
-13.81
-12.53
-10.99
-9.52
-8.03
-6.65
-5.31
-4.2
-3.15
-2.18
-1.18
-0.38
-0.08
0.77
1.7
2.81
3.92
5.15
6.43
7.89
9.24
10.56
11.93
13.45
14.86
16.42
17.83
19.26
20.82
22.24
23.61
24.78
25.54
26.05
26.36
26.49
26.55
26.61
26.67
26.72
26.69
26.36
25.71
24.99
24.14
23.26
22.29
21.15
20.05
18.67
17.19
15.68
14.22
12.67
11.33
10.01
8.6
7.02
5.61
4.21
3.04
1.93
0.96
0.09
-0.21
-0.23
-0.26
-0.27
-0.32
-0.38
-0.44
-0.5
-0.57
-0.64
-0.72
-1.46
-2.34
-3.16
-3.99
-4.88
-5.78
-6.8
-7.74
-8.68
-9.61
-10.53
-11.56
-12.51
-13.49
-14.48
-15.57
-16.58
-17.58
-18.59
-19.68
-20.64
-21.59
-22.59
-23.45
-24.21
-24.95
-25.57
-26.13
-27.04
-27.28
-27.38
-27.32
-27.23
-27.15
-27.08
-27.03
-26.96
-26.9
-26.44
-25.56
-24.55
-23.18
-21.67
-20.35
-18.89
-17.31
-15.39
-13.65
-11.9
-10.11
-8.15
-6.46
-4.97
-3.48
-2.25
-1.16
-0.24
0.33
1.36
2.45
3.64
5.16
6.69
8.34
10.03
11.95
13.78
15.65
17.55
19.64
21.54
23.45
25.3
27.01
28.44
29.21
29.55
29.78
29.98
30.18
30.36
30.37
30.29
30.22
30.16
30.1
29.7
28.71
27.68
26.78
25.9
24.71
23.31
21.77
20.08
18.5
16.86
15.15
13.45
11.55
9.83
8
6.4
4.84
3.23
1.54
0.32
-2.44
-3.58
-4.78
-6.02
-7.42
-8.75
-10.08
-11.68
-13.21
-14.84
-16.45
-18.11
-19.38
-20.55
-21.69
-22.89
-23.96
-24.96
-25.62
-26.14
-26.54
-26.86
-27.05
-27.04
-26.81
-26.33
-25.78
-25.08
-24.09
-22.93
-21.35
-19.63
-18.14
-16.71
-15.15
-13.7
-12.17
-10.59
-8.89
-7.45
-5.97
-4.69
-3.45
-2.3
-1.22
-0.24
0.2
1.11
2.07
3.22
4.36
5.63
7.16
8.65
10.14
11.86
13.47
15.11
16.76
18.59
20.24
21.87
23.5
25.24
26.71
27.72
28.32
28.73
29.06
29.31
29.44
29.58
29.61
29.45
28.87
27.82
26.73
25.8
24.94
23.99
23.01
21.61
20.07
18.36
16.75
15.03
13.17
11.5
9.71
8.15
6.61
5.11
3.64
2.09
0.91
-1.54
-2.53
-3.6
-4.86
-6.06
-7.33
-8.65
-10.19
-11.67
-13.22
-14.85
-16.67
-18
-19.09
-20.21
-21.44
-22.5
-23.56
-24.34
-24.96
-25.48
-25.92
-26.24
-26.35
-26.29
-26.01
-25.48
-24.68
-23.72
-22.61
-21.36
-20.19
-18.8
-17.24
-15.49
-13.88
-12.3
-10.76
-9.17
-7.8
-6.32
-5.03
-3.8
-2.54
-1.51
-0.58
-0.09
0.74
1.64
2.61
3.67
4.99
6.32
7.75
9.38
10.88
12.45
14.06
15.85
17.5
19.14
20.94
22.57
24.16
25.76
26.67
27.26
27.76
28.26
28.66
28.91
28.83
28.73
28.62
28.37
27.57
26.68
25.76
24.96
24.17
22.97
21.31
19.52
17.97
16.47
15.02
13.38
11.71
9.99
8.21
6.69
5.24
3.88
2.49
1.34
0.36
-0.89
-1.51
-2.05
-2.46
-2.89
-3.27
-3.67
-4.07
-4.52
-5.14
-5.9
-6.79
-7.62
-8.48
-9.36
-10.37
-11.33
-12.32
-13.36
-14.54
-15.66
-16.82
-18.13
-19.34
-20.56
-21.78
-23.13
-24.34
-25.53
-26.62
-27.6
-28.18
-28.59
-28.79
-28.97
-29.16
-29.51
-29.59
-29.65
-29.65
-29.58
-29.44
-29.16
-28.58
-27.78
-26.76
-25.64
-24.37
-22.94
-21.3
-19.57
-17.59
-15.69
-13.75
-11.83
-9.77
-8
-6.4
-4.76
-3.33
-2
-0.83
-0.07
0.76
1.72
2.76
4.03
5.33
6.74
8.4
9.99
11.68
13.51
15.62
17.61
19.65
21.71
23.78
26.01
27.9
29.27
29.97
30.34
30.64
30.89
31.05
31.17
31.23
31.22
31.16
31.04
30.51
29.68
28.81
28.04
27.05
25.92
24.5
22.8
20.79
18.98
17.24
15.5
13.45
11.55
9.53
7.8
6.12
4.38
2.96
1.7
0.65
-3.09
-4.41
-5.66
-7.08
-8.4
-9.8
-11.26
-12.94
-14.48
-15.98
-17.65
-19.14
-20.57
-21.88
-23.2
-24.34
-25.51
-26.44
-27.18
-27.75
-28.2
-28.46
-28.55
-28.49
-28.29
-27.82
-27.12
-26.27
-25.32
-23.93
-22.34
-20.76
-19.22
-17.52
-15.8
-14.02
-12.3
-10.49
-6.96
-5.66
-4.25
-2.65
-1.44
-0.41
0.13
1.09
2.01
3.09
4.16
5.34
6.62
8
9.49
11.21
12.9
14.67
16.48
18.51
20.38
22.4
23.98
25.17
26.3
27.26
28.13
28.82
29.4
29.78
30.05
30.2
30.22
30.08
29.33
28.52
27.75
27
26.11
24.86
23.46
21.66
20.03
18.4
16.72
14.83
13.08
11.2
9.15
7.47
5.9
4.49
3.04
1.82
0.75
-2.84
-3.96
-5.13
-6.48
-7.77
-9.1
-10.48
-12.1
-13.63
-15.11
-16.55
-18.11
-19.48
-20.93
-22.18
-23.32
-24.45
-25.38
-26.13
-26.76
-27.3
-27.66
-27.86
-27.89
-27.78
-27.5
-26.79
-25.88
-24.79
-23.54
-22.07
-20.45
-18.91
-17.26
-15.35
-13.63
-11.86
-10.28
-8.72
-7.23
-5.71
-4.38
-3.12
-1.93
-0.78
-0.09
0.56
1.48
2.34
3.28
4.44
5.61
6.88
8.26
9.89
11.46
13.14
14.89
16.86
18.69
20.71
22.52
24.08
25.18
26.23
27.11
27.89
28.53
28.92
29.25
29.5
29.64
29.55
29.17
28.37
27.65
26.91
26.05
24.66
23.11
21.49
19.89
18.15
16.31
14.65
12.94
11.12
9.15
7.52
5.99
4.56
3.09
1.87
0.84
-1.48
-2.11
-2.55
-2.91
-3.25
-3.62
-3.97
-4.37
-4.86
-5.46
-6.09
-6.81
-7.48
-8.18
-8.91
-9.74
-10.54
-11.43
-12.38
-13.5
-14.57
-15.71
-17.05
-18.32
-19.62
-21.09
-22.44
-23.81
-25.18
-26.67
-27.92
-29.02
-29.49
-29.67
-30.11
-30.26
-30.35
-30.48
-30.41
-30.25
-30.12
-29.83
-29.3
-28.52
-27.23
-25.77
-24.16
-22.67
-21.14
-19.36
-17.19
-15.18
-13.2
-11.27
-9.43
-7.5
-5.85
-4.29
-2.71
-1.37
-0.3
0.32
1.18
2.14
3.12
4.19
5.39
6.84
8.26
9.77
11.54
13.24
15.04
17.12
19.09
21.11
23.16
25.41
27.35
28.85
29.74
30.39
30.76
31.02
31.19
31.26
31.28
31.29
31.22
31.08
30.7
29.84
29.05
28.1
26.74
25.08
23.44
21.82
19.98
18.16
16.24
14.18
11.99
10.15
8.45
6.83
5.1
3.47
2.12
0.9
-3.85
-4.96
-6.13
-7.49
-8.78
-10.31
-11.75
-13.27
-14.79
-16.49
-18.03
-19.57
-21.24
-22.7
-24.11
-25.39
-26.51
-27.4
-28.26
-28.86
-29.31
-29.54
-29.63
-29.6
-29.46
-29.01
-27.99
-26.84
-25.6
-24.34
-22.93
-21.3
-19.59
-17.76
-15.88
-13.85
-12.05
-10.32
-8.63
-6.83
-5.28
-3.72
-2.4
-1.17
-0.11
0.56
1.33
2.12
3.13
4.17
5.34
6.61
8.15
9.65
11.38
13.08
14.85
16.65
18.5
20.01
21.45
22.85
24.35
25.57
26.72
27.61
28.38
29.04
29.48
29.76
29.79
29.89
29.93
29.73
28.88
27.98
27.16
26.11
24.58
22.93
21.19
19.53
17.79
15.96
13.88
12
10.24
8.6
6.82
5.28
3.72
2.41
1.28
0.37
-2.95
-3.99
-5.11
-6.44
-7.75
-9.14
-10.79
-12.41
-14.16
-15.78
-17.22
-18.83
-20.33
-21.82
-23.27
-24.7
-25.81
-26.88
-27.7
-28.33
-28.84
-29.23
-29.43
-29.43
-29.31
-28.66
-27.96
-27.08
-25.81
-24.47
-23.07
-21.46
-19.84
-17.85
-15.66
-13.82
-12.1
-10.41
-8.57
-6.98
-5.51
-3.97
-2.63
-1.41
-0.39
0.25
0.97
1.63
2.4
3.37
4.39
5.64
6.91
8.28
9.88
11.42
13.08
14.81
16.8
18.64
20.28
21.47
22.73
23.88
25.13
26.23
27.09
27.77
28.45
28.94
29
29.12
29.19
28.97
28.15
27.3
26.48
25.44
23.96
22.45
20.9
19.28
17.4
15.65
13.89
12.05
10.04
8.38
6.7
5.22
3.86
2.61
1.39
0.51
-1.44
-1.47
-1.49
-1.52
-1.56
-1.63
-2.4
-2.95
-3.44
-3.97
-4.48
-4.96
-5.54
-6.07
-6.62
-7.18
-7.83
-8.44
-9.08
-9.76
-10.65
-11.6
-12.71
-14.06
-15.36
-16.74
-18.17
-19.76
-21.2
-22.65
-24.04
-25.39
-26.48
-27.63
-28.6
-29.46
-30.11
-30.51
-30.79
-30.98
-31.13
-31.23
-31.29
-31.33
-31.34
-31.27
-31.13
-31
-30.63
-29.95
-29.15
-27.92
-26.29
-24.74
-23.13
-21.25
-19.24
-16.93
-14.83
-12.55
-10.51
-8.56
-6.75
-4.89
-3.3
-1.87
-0.67
0.04
0.77
1.45
2.22
3.14
4.2
5.41
6.88
8.35
9.92
11.76
13.54
15.4
17.34
19.53
21.49
23.17
24.72
26.02
27.28
28.42
29.28
29.72
30.02
30.2
30.33
30.34
30.25
30.17
30.1
29.7
28.69
27.8
26.88
25.42
23.72
22.11
20.39
18.39
16.35
14.3
12.39
10.42
8.68
7
5.2
3.68
2.32
1.18
0.13
-3.38
-4.37
-5.57
-6.77
-8.08
-9.56
-11.38
-13.22
-15.14
-17.24
-19.06
-20.91
-22.54
-24.1
-25.58
-26.9
-28.16
-29.16
-30.01
-30.56
-30.9
-31.16
-31.27
-31.29
-31.15
-30.78
-30.15
-29.46
-28.17
-26.82
-25.21
-23.58
-21.8
-19.63
-17.57
-15.44
-13.19
-11.2
-9.31
-7.39
-5.67
-4.03
-2.52
-1.11
-0.16
0.5
1.06
1.68
2.41
3.35
4.34
5.44
6.65
8.12
9.55
11.05
12.66
14.53
16.28
18.07
19.5
20.85
22.26
23.44
24.54
25.53
26.33
26.92
27.41
27.83
28.04
28.13
28.14
28.09
27.67
26.85
26.06
25
23.68
22.27
20.78
18.95
17.2
15.39
13.43
11.69
9.98
8.36
6.58
5.03
3.62
2.36
1.19
0.25
-2.71
-3.63
-4.66
-5.8
-7.18
-8.57
-10.11
-11.87
-13.91
-15.77
-17.74
-19.33
-20.89
-22.61
-24.15
-25.57
-26.73
-27.84
-28.71
-29.45
-30.05
-30.43
-30.66
-30.77
-30.77
-30.52
-29.87
-29.11
-27.97
-26.64
-25.22
-23.47
-21.56
-19.62
-17.67
-15.71
-13.58
-11.59
-9.65
-7.77
-5.86
-4.23
-2.72
-1.42
-0.33
0.2
0.84
1.41
2.07
2.91
3.79
4.78
5.88
7.23
8.55
9.98
11.63
13.2
14.69
16.21
17.57
18.91
20.2
21.46
22.5
23.49
24.45
25.13
25.69
26.17
26.48
26.59
26.64
26.55
26.23
25.6
24.88
23.96
22.63
21.3
19.71
18.11
16.41
14.5
12.83
11.17
9.52
7.8
6.26
4.8
3.47
2.18
1.19
0.34
-1.56
-2.47
-2.94
-3.38
-3.7
-4.01
-4.3
-4.59
-4.87
-5.19
-5.56
-6.02
-6.61
-7.3
-8.15
-9.05
-10.01
-11.15
-12.27
-13.47
-14.71
-16.1
-17.4
-18.72
-20.03
-21.43
-22.72
-24.01
-25.4
-26.64
-27.96
-29.06
-29.92
-30.49
-30.94
-31.31
-31.52
-31.64
-31.7
-31.72
-31.73
-31.73
-31.71
-31.67
-31.57
-31.35
-30.78
-29.78
-28.48
-27.13
-25.49
-23.83
-21.84
-19.47
-17.41
-15.39
-13.07
-10.95
-8.88
-6.92
-4.9
-3.22
-1.75
-0.45
0.13
0.73
1.32
1.92
2.65
3.52
4.61
5.72
6.95
8.31
9.92
11.5
13.18
15.13
16.93
18.62
20.08
21.58
22.88
24.04
24.95
25.63
26.15
26.57
26.64
26.51
26.38
26.33
25.93
25.77
25.61
25.05
24.26
23.1
21.84
20.55
18.94
17.29
15.47
13.71
12.01
10.31
8.66
6.86
5.31
3.9
2.61
1.39
0.53
-4.25
-5.34
-6.52
-7.95
-9.45
-11.18
-13.08
-15.29
-17.33
-19.22
-20.86
-22.34
-23.77
-25.14
-26.48
-27.35
-28.15
-28.95
-29.53
-30
-30.27
-30.45
-30.55
-30.54
-30.4
-30.04
-29.26
-28.03
-26.82
-25.42
-23.69
-21.9
-19.73
-17.69
-15.67
-13.67
-11.44
-9.43
-7.48
-5.64
-3.75
-2.22
-0.95
-0.09
0.49
1.06
1.58
2.17
2.85
3.7
4.56
5.49
6.51
7.75
8.97
10.41
11.81
13.28
14.65
16.04
17.27
18.45
19.53
20.48
21.38
22.06
22.63
23.01
23.27
23.45
23.57
23.52
23.43
23.28
22.64
21.95
21.19
20.1
18.7
17.19
15.66
14.03
12.44
10.7
9.17
7.7
6.22
4.69
3.41
2.24
1.28
0.51
-3.7
-4.62
-5.63
-6.85
-8.16
-9.6
-11.35
-13.06
-14.95
-17.03
-18.66
-20.16
-21.6
-23.02
-24.12
-25.11
-25.99
-26.81
-27.48
-28.07
-28.43
-28.72
-28.9
-28.99
-28.9
-28.55
-27.79
-26.64
-25.46
-24.18
-22.62
-20.98
-19.14
-17.06
-15.13
-13.19
-11.03
-9.08
-7.18
-5.38
-3.58
-2.14
-0.68
0.03
0.65
1.1
1.6
2.09
2.67
3.34
4.15
4.97
5.87
6.95
8
9.12
10.41
11.66
12.83
13.94
15.18
16.29
17.33
18.23
19.09
19.75
20.31
20.67
20.92
21.02
21.09
21.1
21.05
20.92
20.49
19.88
19.16
18.07
16.91
15.5
14.11
12.66
11.2
9.61
8.21
6.86
5.54
4.13
2.97
1.94
1.08
0.49
-3.32
-4.44
-5.15
-5.85
-6.56
-7.31
-7.86
-8.48
-9.09
-9.76
-10.35
-11
-11.64
-12.31
-13.07
-13.91
-14.86
-15.88
-17.15
-18.4
-19.62
-20.84
-22.17
-23.38
-24.66
-25.74
-26.74
-27.56
-28.26
-28.79
-29.24
-29.68
-29.99
-30.22
-30.4
-30.72
-30.72
-30.71
-30.65
-30.54
-30.23
-29.49
-28.14
-26.89
-25.6
-23.99
-22.25
-20.28
-18.04
-16
-13.92
-11.59
-9.48
-7.41
-5.4
-3.4
-1.78
-0.43
0.26
0.87
1.39
2.03
2.68
3.39
4.24
5.08
5.99
6.95
8.12
9.25
10.44
11.7
13.19
14.53
15.77
16.8
17.74
18.61
19.21
19.7
19.98
20.23
20.32
20.35
20.36
20.34
20.23
20.14
20.02
19.7
18.99
18.04
16.99
15.7
14.44
13.1
11.45
9.97
8.49
7.14
5.78
4.52
3.36
2.22
1.36
0.68
0.21
-3.92
-5.15
-6.56
-8.13
-10.06
-11.86
-13.76
-15.61
-17.64
-19.44
-21.26
-22.81
-24.29
-25.59
-26.82
-27.63
-28.35
-29.05
-29.56
-29.9
-30.14
-30.22
-30.28
-30.27
-30.19
-29.99
-29.45
-28.24
-27.1
-25.88
-24.48
-22.62
-20.78
-18.62
-16.62
-14.6
-12.35
-10.31
-8.3
-6.36
-4.35
-2.69
-1.28
-0.32
0.38
0.89
1.44
1.98
2.56
3.18
3.91
4.63
5.39
6.29
7.14
8.04
9.08
10.1
11.12
12.1
12.99
13.86
14.67
15.42
16
16.56
16.87
17.16
17.31
17.46
17.53
17.5
17.42
17.32
17.06
16.53
15.77
14.83
13.77
12.62
11.24
9.89
8.47
7.24
6.08
4.97
3.8
2.81
1.9
1.17
0.59
0.2
-2.83
-3.77
-4.85
-6.23
-7.63
-9.18
-10.99
-12.82
-14.9
-16.62
-18.21
-19.79
-21.48
-22.71
-23.94
-25.13
-26.17
-26.92
-27.61
-28.23
-28.64
-28.91
-29.1
-29.2
-29.18
-29
-28.36
-27.34
-26.29
-25.11
-23.59
-22.02
-20.1
-18.21
-16.29
-14.35
-12.19
-10.21
-8.28
-6.39
-4.46
-2.87
-1.54
-0.44
0.13
0.62
1.02
1.44
1.9
2.47
3.02
3.62
4.25
4.92
5.71
6.47
7.35
8.19
9.08
9.93
10.68
11.41
12.18
12.87
13.56
14.06
14.47
14.8
14.99
15.17
15.22
15.29
15.28
15.22
15.05
14.55
13.88
12.96
11.88
10.85
9.64
8.51
7.41
6.37
5.24
4.2
3.22
2.35
1.55
0.99
0.56
0.22
-3.09
-3.67
-4.13
-4.61
-5.19
-5.69
-6.1
-6.72
-7.33
-7.96
-8.65
-9.31
-10.02
-10.75
-11.6
-12.37
-13.28
-14.2
-15.33
-16.51
-17.89
-19.18
-20.47
-21.74
-22.99
-24.22
-25.25
-26.04
-26.77
-27.34
-27.9
-28.35
-28.72
-29.03
-29.3
-29.49
-29.64
-29.75
-29.8
-29.81
-29.79
-29.7
-29.54
-29.21
-28.35
-26.89
-25.58
-24.17
-22.53
-20.6
-18.71
-16.65
-14.37
-12.29
-10.18
-7.84
-5.6
-3.68
-2.16
-0.84
-0.07
0.37
0.81
1.2
1.65
2.12
2.64
3.22
3.91
4.57
5.27
6
6.84
7.62
8.44
9.29
10.18
10.99
11.59
12.11
12.56
12.99
13.2
13.38
13.48
13.52
13.59
13.63
13.61
13.57
13.51
13.37
12.97
12.33
11.43
10.57
9.66
8.7
7.61
6.64
5.6
4.58
3.62
2.7
1.86
1.25
0.74
0.31
-4.74
-5.88
-7.22
-8.52
-9.76
-11.28
-13.01
-14.78
-16.48
-17.95
-19.57
-21.05
-22.56
-24.23
-25.62
-26.66
-27.47
-28.21
-28.72
-29.08
-29.36
-29.52
-29.59
-29.57
-29.46
-29.16
-28.57
-27.43
-26.21
-24.82
-23.09
-21.3
-19.35
-17.14
-15.11
-13.06
-11
-8.76
-6.8
-4.95
-3.33
-1.87
-0.67
0.01
0.43
0.85
1.23
1.65
2.09
2.58
3.17
3.74
4.34
4.96
5.65
6.3
6.93
7.61
8.15
8.67
9.22
9.77
10.23
10.67
11.05
11.38
11.53
11.67
11.76
11.84
11.91
11.92
11.9
11.88
11.56
11.1
10.42
9.59
8.72
7.86
6.98
6.05
5.24
4.42
3.47
2.62
1.92
1.37
0.92
0.59
0.26
-1.78
-2.37
-3.09
-4.06
-5.45
-6.87
-8.37
-9.93
-11.7
-13.3
-15.06
-16.61
-18.12
-19.62
-21.1
-22.29
-23.36
-24.3
-25.08
-25.76
-26.32
-26.69
-26.95
-27.08
-27.03
-26.78
-26.25
-25.27
-23.98
-22.67
-21.15
-19.52
-17.59
-15.72
-13.63
-11.69
-9.76
-7.85
-5.83
-4.15
-2.75
-1.64
-0.68
-0.11
0.19
0.5
0.85
1.18
1.55
1.96
2.44
2.9
3.36
3.88
4.47
5.06
5.72
6.3
6.88
7.42
7.91
8.41
8.85
9.32
9.69
10.03
10.3
10.53
10.7
10.84
10.95
10.98
10.99
10.98
10.7
10.24
9.71
8.97
8.23
7.47
6.61
5.8
5.02
4.16
3.4
2.69
2.04
1.4
0.98
0.66
0.31
0.07
-1.08
-1.55
-1.82
-2.04
-2.24
-2.43
-2.61
-2.82
-3.01
-3.22
-3.48
-3.92
-4.44
-5.02
-5.74
-6.49
-7.33
-8.22
-9.14
-10.19
-11.18
-12.29
-13.32
-14.37
-15.45
-16.65
-17.76
-18.88
-20.13
-21.25
-22.35
-23.35
-24.1
-24.82
-25.55
-26.17
-26.74
-27.22
-27.59
-27.82
-28.03
-28.22
-28.33
-28.38
-28.36
-28.19
-27.91
-27.22
-26.05
-24.78
-23.17
-21.47
-19.41
-17.41
-15.35
-13.05
-10.81
-8.48
-6.2
-4.41
-2.96
-1.85
-0.81
-0.15
0.17
0.52
0.83
1.2
1.58
2.01
2.48
3.03
3.57
4.16
4.76
5.43
6.04
6.6
7.12
7.66
8.22
8.7
9.14
9.55
9.95
10.32
10.59
10.79
10.93
11
11.03
11.03
11.04
11
10.9
10.48
9.91
9.31
8.53
7.79
6.98
6.17
5.31
4.49
3.57
2.76
2.07
1.52
1.06
0.71
0.35
-3.63
-4.73
-5.82
-7.07
-8.58
-9.93
-11.39
-12.81
-14.27
-15.91
-17.47
-19.02
-20.49
-21.86
-23.24
-24.67
-25.7
-26.56
-27.19
-27.71
-28.12
-28.39
-28.51
-28.55
-28.43
-28.14
-27.47
-26.48
-25.07
-23.48
-21.76
-19.71
-17.74
-15.51
-13.44
-11.25
-9.14
-7.05
-5.26
-3.64
-2.33
-1.22
-0.41
0.07
0.43
0.8
1.15
1.55
1.95
2.39
2.87
3.38
3.91
4.44
5.04
5.57
6.07
6.61
7.08
7.56
8.02
8.42
8.79
9.13
9.49
9.76
9.97
10.13
10.24
10.31
10.36
10.37
10.34
10.3
10.05
9.58
9.03
8.41
7.64
6.87
6.09
5.27
4.48
3.63
2.89
2.2
1.61
1.19
0.83
0.55
0.25
-1.73
-2.21
-2.77
-3.47
-4.54
-5.78
-7.25
-8.79
-10.45
-12.02
-13.77
-15.33
-16.86
-18.33
-19.79
-21.09
-22.29
-23.3
-24.23
-24.92
-25.52
-25.89
-26.14
-26.28
-26.25
-26.02
-25.44
-24.43
-23.14
-21.8
-20.13
-18.37
-16.32
-14.38
-12.19
-10.1
-8.18
-6.39
-4.52
-3.04
-1.91
-0.98
-0.27
0.04
0.34
0.62
0.9
1.21
1.58
1.92
2.32
2.78
3.31
3.84
4.36
4.93
5.44
5.94
6.39
6.84
7.29
7.76
8.16
8.52
8.86
9.15
9.42
9.61
9.79
9.9
9.96
9.99
9.98
9.93
9.68
9.31
8.83
8.25
7.59
6.81
6.06
5.24
4.48
3.71
3
2.35
1.74
1.3
0.94
0.62
0.29
0.01
-1.38
-1.66
-1.77
-1.87
-1.96
-2.03
-2.06
-2.13
-2.26
-2.41
-2.59
-2.87
-3.18
-3.55
-4.01
-4.56
-5.18
-5.9
-6.78
-7.63
-8.53
-9.46
-10.52
-11.52
-12.55
-13.72
-14.82
-16.05
-17.2
-18.35
-19.51
-20.76
-21.73
-22.56
-23.31
-23.74
-24.11
-24.54
-24.97
-25.28
-25.56
-25.8
-25.99
-26.1
-26.16
-26.1
-25.94
-25.48
-24.52
-23.33
-21.98
-20.15
-18.34
-16.38
-14.35
-12.27
-9.91
-7.96
-6.17
-4.32
-2.91
-1.82
-0.8
-0.24
0.05
0.35
0.64
0.94
1.25
1.61
2.07
2.51
2.94
3.45
4.04
4.58
5.12
5.69
6.16
6.61
7.15
7.63
8.08
8.5
8.92
9.25
9.54
9.77
9.92
10.02
10.11
10.16
10.18
10.17
10.15
10.01
9.65
9.22
8.59
7.95
7.14
6.34
5.56
4.78
3.86
3.05
2.39
1.85
1.34
0.96
0.53
0.14
-3.74
-4.26
-5.17
-5.94
-7.06
-8.51
-9.92
-11.1
-12.55
-13.87
-15.36
-17.1
-18.44
-19.61
-20.78
-22
-22.94
-23.85
-24.51
-24.95
-25.22
-25.4
-25.52
-25.51
-25.3
-24.88
-24.14
-22.88
-21.55
-19.99
-18.11
-16.24
-14.28
-12.26
-10.06
-8.19
-6.44
-4.8
-3.22
-2.01
-1.12
-0.43
-0.05
0.26
0.53
0.81
1.1
1.46
1.83
2.22
2.64
3.05
3.54
4.09
4.61
5.08
5.54
6.03
6.49
6.94
7.42
7.81
8.16
8.51
8.81
9.06
9.29
9.46
9.6
9.7
9.79
9.8
9.77
9.64
9.3
8.78
8.23
7.62
6.92
6.09
5.35
4.61
3.86
3.05
2.4
1.83
1.39
1.04
0.71
0.35
0.06
-1.83
-2.22
-2.83
-3.45
-4.21
-5.24
-6.35
-7.6
-8.96
-10.54
-12
-13.42
-14.8
-16.28
-17.68
-18.88
-19.96
-20.9
-21.71
-22.33
-22.83
-23.18
-23.43
-23.55
-23.49
-23.15
-22.31
-21.24
-19.89
-18.4
-16.75
-14.95
-12.87
-10.94
-9.07
-7.13
-5.52
-4.01
-2.65
-1.72
-0.92
-0.38
-0.1
0.15
0.4
0.69
0.95
1.23
1.56
1.95
2.26
2.68
3.12
3.59
4.13
4.63
5.09
5.52
6
6.44
6.86
7.27
7.68
8.05
8.42
8.7
8.95
9.15
9.32
9.43
9.5
9.53
9.52
9.35
9.02
8.67
8.12
7.51
6.76
6.03
5.3
4.56
3.76
3.06
2.41
1.8
1.39
1.03
0.74
0.43
0.14
-1.59
-1.83
-2.02
-2.11
-2.26
-2.38
-2.55
-2.69
-2.86
-3.11
-3.4
-3.67
-4.09
-4.61
-5.17
-5.79
-6.32
-6.99
-7.52
-8.29
-9.08
-9.99
-10.87
-11.76
-12.72
-13.8
-14.81
-15.84
-17
-18.06
-19.14
-20.32
-21.37
-22.18
-22.74
-23.28
-23.73
-24.12
-24.42
-24.64
-24.79
-24.91
-24.97
-24.93
-24.75
-24.06
-23.07
-21.93
-20.47
-18.68
-16.84
-14.9
-12.67
-10.64
-8.68
-6.65
-4.94
-3.42
-2.22
-1.26
-0.39
-0.09
0.17
0.47
0.74
1.07
1.37
1.75
2.01
2.34
2.77
3.21
3.68
4.21
4.71
5.21
5.7
6.13
6.61
7.06
7.49
7.89
8.28
8.65
8.96
9.22
9.38
9.5
9.56
9.59
9.59
9.56
9.53
9.37
9.06
8.67
8.13
7.5
6.73
5.95
5.1
4.34
3.6
2.89
2.19
1.67
1.3
0.95
0.59
0.3
-2.03
-2.58
-3.04
-3.75
-4.61
-5.55
-6.62
-7.89
-9
-10.21
-11.62
-12.93
-14.31
-15.83
-17.19
-18.46
-19.62
-20.71
-21.47
-22.19
-22.69
-23.06
-23.3
-23.44
-23.35
-22.96
-22.17
-20.98
-19.73
-18.19
-16.26
-14.38
-12.22
-10.25
-8.36
-6.59
-4.79
-3.33
-2.16
-1.24
-0.57
-0.25
0.03
0.31
0.57
0.82
1.12
1.42
1.72
2.05
2.32
2.73
3.18
3.68
4.16
4.66
5.08
5.5
5.9
6.34
6.72
7.11
7.5
7.9
8.22
8.5
8.76
8.95
9.1
9.19
9.24
9.24
9.2
9.06
8.8
8.45
7.86
7.23
6.53
5.72
4.98
4.18
3.46
2.79
2.18
1.63
1.28
0.96
0.68
0.36
0.07
-1.76
-2.23
-2.81
-3.52
-4.3
-5.23
-6.2
-7
-7.91
-9.21
-10.5
-11.88
-13.26
-14.77
-16.1
-17.36
-18.52
-19.57
-20.53
-21.23
-21.76
-22.18
-22.44
-22.59
-22.55
-22.23
-21.57
-20.41
-19.16
-17.65
-15.78
-13.95
-12.01
-9.9
-8.08
-6.39
-4.68
-3.29
-2.16
-1.25
-0.6
-0.29
0.01
0.27
0.52
0.76
1.05
1.33
1.64
1.92
2.17
2.59
3.01
3.45
3.93
4.35
4.76
5.22
5.63
6.03
6.41
6.83
7.19
7.54
7.87
8.21
8.5
8.7
8.85
8.94
9.01
9.02
9.01
8.93
8.68
8.36
7.81
7.2
6.45
5.72
4.94
4.24
3.53
2.87
2.2
1.7
1.34
0.99
0.72
0.46
0.16
-1.2
-1.5
-1.7
-1.85
-1.95
-2.09
-2.26
-2.46
-2.66
-2.93
-3.31
-3.72
-4.22
-4.83
-5.17
-5.45
-6.07
-6.8
-7.55
-8.37
-9.23
-10.14
-11.09
-12.2
-13.35
-14.41
-15.51
-16.62
-17.75
-19
-19.81
-20.4
-20.97
-21.53
-22.06
-22.6
-23.06
-23.49
-23.69
-23.8
-23.86
-23.87
-23.75
-23.34
-22.5
-21.36
-20.04
-18.43
-16.43
-14.47
-12.23
-10.17
-8.2
-6.39
-4.57
-3.1
-1.93
-0.99
-0.39
-0.09
0.2
0.45
0.72
1.02
1.28
1.59
1.93
2.33
2.65
3.08
3.52
4.02
4.47
4.97
5.4
5.8
6.19
6.61
7.01
7.4
7.79
8.18
8.47
8.71
8.91
9.05
9.14
9.19
9.19
9.19
9.13
9.06
8.86
8.44
7.86
7.17
6.48
5.68
4.91
4.17
3.47
2.79
2.11
1.63
1.27
0.96
0.67
0.37
0.07
-2.39
-2.76
-3.34
-4.15
-5.13
-6.33
-7.38
-8.54
-9.7
-11.05
-12.43
-13.86
-15.37
-16.76
-18.1
-19.33
-20.51
-21.41
-22.22
-22.77
-23.2
-23.44
-23.63
-23.64
-23.62
-23.35
-22.6
-21.59
-20.28
-18.54
-16.73
-14.8
-12.58
-10.55
-8.58
-6.6
-4.94
-3.44
-2.14
-1.12
-0.41
-0.08
0.21
0.46
0.71
0.97
1.26
1.53
1.83
2.14
2.42
2.85
3.26
3.73
4.15
4.6
4.99
5.36
5.74
6.15
6.49
6.84
7.16
7.47
7.73
7.99
8.19
8.36
8.48
8.57
8.63
8.64
8.61
8.57
8.42
8.1
7.54
6.95
6.23
5.56
4.87
4.17
3.41
2.77
2.17
1.64
1.29
0.96
0.67
0.38
0.1
-1.76
-2.2
-2.64
-3.11
-3.85
-4.74
-5.79
-7.02
-8.25
-9.49
-10.8
-12.25
-13.52
-14.76
-15.86
-17.13
-18.31
-19.29
-20.14
-20.82
-21.29
-21.7
-21.96
-22.11
-22.12
-21.89
-21.29
-20.33
-18.96
-17.45
-15.54
-13.67
-11.74
-9.83
-7.84
-6.17
-4.61
-3.23
-2.01
-1.07
-0.39
-0.08
0.17
0.41
0.65
0.88
1.1
1.33
1.62
1.91
2.08
2.47
2.89
3.3
3.76
4.15
4.52
4.9
5.26
5.6
5.93
6.29
6.59
6.88
7.17
7.4
7.62
7.83
7.98
8.09
8.17
8.21
8.19
8.14
7.98
7.65
7.13
6.56
5.96
5.35
4.62
3.95
3.3
2.67
2.09
1.66
1.34
1.06
0.76
0.49
0.2
-1.93
-2.63
-2.94
-2.46
-2.83
-3.14
-3.38
-3.55
-3.35
-3.39
-3.79
-4.34
-4.79
-5.28
-5.68
-6.39
-7.17
-8.02
-8.7
-9.38
-10.13
-10.95
-11.98
-12.98
-14.07
-15.1
-16.15
-17.22
-18.38
-19.34
-20.18
-20.99
-21.59
-22.07
-22.39
-22.73
-22.96
-23.18
-23.34
-23.48
-23.53
-23.55
-22
-20.9
-19.7
-17.69
-15.78
-13.74
-11.43
-9.19
-7.17
-5.3
-3.75
-2.34
-1.19
-0.4
0.04
0.29
0.55
0.76
0.98
1.22
1.46
1.73
2.02
2.34
2.71
3.12
3.53
3.97
4.35
4.71
5.07
5.43
5.82
6.18
6.49
6.77
7.03
7.29
7.5
7.68
7.82
7.93
8.01
8.07
8.1
8.11
8.07
8.02
7.84
7.47
6.96
6.39
5.72
5.09
4.42
3.74
3.04
2.46
1.92
1.54
1.25
0.98
0.72
0.5
0.29
0.04
-2.4
-3.2
-3.96
-4.68
-5.91
-6.95
-7.59
-8.73
-10.08
-11.25
-12.65
-13.45
-14.71
-16.14
-17.37
-18.49
-19.42
-20.25
-20.84
-21.27
-21.54
-21.74
-21.78
-21.77
-21.67
-21.36
-20.63
-19.58
-18.32
-16.75
-14.79
-12.89
-10.93
-8.99
-6.91
-5.11
-3.38
-2.15
-1.18
-0.49
-0.01
0.2
0.39
0.55
0.73
0.92
1.13
1.37
1.6
1.89
2.15
2.48
2.78
3.15
3.48
3.82
4.16
4.54
4.89
5.21
5.53
5.82
6.09
6.37
6.6
6.8
7
7.13
7.24
7.33
7.4
7.43
7.42
7.36
7.2
6.85
6.35
5.83
5.26
4.67
3.97
3.36
2.76
2.26
1.84
1.52
1.28
1.07
0.84
0.6
0.41
0.2
0.02
-1.25
-1.61
-2.12
-2.79
-3.67
-4.7
-6.01
-7.29
-8.21
-9.86
-11.06
-12.19
-12.87
-14.26
-15.45
-16.42
-17.33
-18.15
-18.73
-19.22
-19.59
-19.84
-19.92
-19.92
-19.85
-19.54
-18.93
-17.99
-16.72
-15.08
-13.4
-11.65
-9.86
-7.91
-6.18
-4.44
-3.18
-2.12
-1.07
-0.39
-0.01
0.18
0.38
0.55
0.71
0.89
1.07
1.27
1.51
1.74
1.99
2.23
2.52
2.81
3.11
3.39
3.7
4.03
4.39
4.71
5.03
5.34
5.64
5.9
6.15
6.36
6.59
6.75
6.88
6.99
7.05
7.08
7.07
7.03
6.88
6.55
6.12
5.61
5.06
4.44
3.85
3.25
2.72
2.24
1.85
1.55
1.32
1.13
0.94
0.75
0.52
0.33
0.16