0
0.050234
0.070326
0.084392
0.10448
0.12458
0.14467
0.16075
0.18285
0.20495
0.22906
0.25317
0.27929
0.30943
0.33153
0.35364
0.36569
0.38177
0.39784
0.41392
0.42999
0.44406
0.45612
0.46413
0.47218
0.48023
0.46818
0.45612
0.44607
0.42798
0.41191
0.39583
0.37976
0.35967
0.34359
0.32752
0.30541
0.28733
0.26925
0.24513
0.21901
0.19691
0.1728
0.15672
0.13663
0.11051
0.088408
0.064299
0.044205
0.024112
0.0020093
-0.024112
-0.042195
-0.060278
-0.08037
-0.11051
-0.1306
-0.1507
-0.17682
-0.19892
-0.22504
-0.24513
-0.27126
-0.29537
-0.3235
-0.34359
-0.36971
-0.38981
-0.41392
-0.43401
-0.44607
-0.46012
-0.44205
-0.42396
-0.40588
-0.38177
-0.36368
-0.34761
-0.32149
-0.3034
-0.27929
-0.2592
-0.24513
-0.22906
-0.20897
-0.18687
-0.16677
-0.15271
-0.13261
-0.12257
-0.1085
-0.094436
-0.068316
-0.05224
-0.036168
-0.014065
0.0020093
0.034158
0.060278
0.09243
0.12056
0.14266
0.16275
0.18888
0.21701
0.23911
0.26724
0.28532
0.30742
0.33153
0.35364
0.37976
0.39985
0.41793
0.44205
0.46213
0.48423
0.50834
0.52645
0.54651
0.56461
0.58067
0.59878
0.61888
0.64299
0.66105
0.67715
0.68716
0.69922
0.70927
0.72337
0.72938
0.73138
0.73542
0.73743
0.73542
0.72737
0.71532
0.69721
0.68316
0.6671
0.649
0.63094
0.60683
0.58472
0.56261
0.54251
0.52445
0.50234
0.47823
0.46213
0.44607
0.42798
0.41191
0.38981
0.36569
0.3456
0.32551
0.29939
0.26724
0.24313
0.21701
0.19088
0.16075
0.13261
0.094436
0.078364
0.05224
0.036168
0.016075
0
-0.02813
-0.044205
-0.066305
-0.094436
-0.11855
-0.13663
-0.15873
-0.18285
-0.19892
-0.21701
-0.24313
-0.26925
-0.29135
-0.31546
-0.34359
-0.36368
-0.38377
-0.40588
-0.42396
-0.43803
-0.46617
-0.48423
-0.50434
-0.52645
-0.54451
-0.56461
-0.58067
-0.60078
-0.61888
-0.63094
-0.64499
-0.65705
-0.6691
-0.68116
-0.68921
-0.70326
-0.70927
-0.71732
-0.71732
-0.72537
-0.72938
-0.71532
-0.70126
-0.68716
-0.6711
-0.651
-0.63294
-0.61683
-0.60478
-0.58472
-0.57066
-0.55456
-0.5365
-0.52445
-0.51034
-0.48624
-0.46818
-0.45007
-0.432
-0.4099
-0.39181
-0.37373
-0.35564
-0.32551
-0.30943
-0.28532
-0.26121
-0.2371
-0.21701
-0.20093
-0.18285
-0.15873
-0.14266
-0.11855
-0.10046
-0.074343
-0.054251
-0.036168
-0.010046
0.012056
0.030139
0.05224
0.070326
0.09243
0.11252
0.14065
0.16677
0.19088
0.22102
0.24915
0.27728
0.30742
0.33153
0.36368
0.3878
0.41994
0.44807
0.47823
0.50634
0.5365
0.56261
0.59677
0.61888
0.649
0.6671
0.68316
0.70126
0.71332
0.72938
0.73542
0.73338
0.73542
0.73338
0.71732
0.70126
0.68516
0.6711
0.65705
0.63894
0.62088
0.60478
0.57467
0.55456
0.52845
0.50634
0.48624
0.46012
0.43401
0.41392
0.38579
0.36168
0.33756
0.31345
0.29135
0.26724
0.24714
0.22303
0.20093
0.17883
0.15472
0.12859
0.1085
0.078364
0.058272
0.038177
0.018084
-0.0060278
-0.026121
-0.05224
-0.076354
-0.098457
-0.12659
-0.15271
-0.18485
-0.21901
-0.24112
-0.26724
-0.29135
-0.3034
-0.32952
-0.35364
-0.38377
-0.4099
-0.43803
-0.46818
-0.49028
-0.5204
-0.55256
-0.57467
-0.60078
-0.62088
-0.64299
-0.6691
-0.68516
-0.69521
-0.70326
-0.70927
-0.69922
-0.67715
-0.65705
-0.62088
-0.59878
-0.57266
-0.54651
-0.51639
-0.48828
-0.46413
-0.42999
-0.40789
-0.37775
-0.34761
-0.31948
-0.29738
-0.26925
-0.2371
-0.215
-0.18687
-0.16075
-0.13261
-0.10046
-0.074343
-0.048223
-0.012056
0.014065
0.040186
0.070326
0.10046
0.1306
0.16476
0.19088
0.22303
0.2592
0.29135
0.32149
0.34761
0.37976
0.40186
0.42597
0.45412
0.49028
0.5204
0.54855
0.57467
0.60078
0.62088
0.65304
0.67715
0.70126
0.71932
0.74748
0.76154
0.77559
0.78765
0.7997
0.80775
0.80975
0.81176
0.81176
0.80975
0.80975
0.80975
0.81176
0.81176
0.80975
0.7997
0.78364
0.77159
0.75148
0.73138
0.70927
0.67715
0.651
0.62288
0.59677
0.56261
0.53445
0.51034
0.48023
0.45207
0.42396
0.39985
0.37373
0.34761
0.3235
0.3034
0.27728
0.25317
0.22705
0.19289
0.16878
0.14467
0.12056
0.096446
0.064299
0.040186
0.014065
-0.008037
-0.030139
-0.078364
-0.10046
-0.12458
-0.14869
-0.17079
-0.19289
-0.22705
-0.24714
-0.27527
-0.31144
-0.33957
-0.37172
-0.39985
-0.42798
-0.45412
-0.47018
-0.50634
-0.53245
-0.55861
-0.58472
-0.61483
-0.63294
-0.65505
-0.67715
-0.69521
-0.71732
-0.73743
-0.75148
-0.75953
-0.77159
-0.77359
-0.7816
-0.78364
-0.78564
-0.78564
-0.7816
-0.77159
-0.75148
-0.73542
-0.71332
-0.69121
-0.6651
-0.63894
-0.61483
-0.58872
-0.56862
-0.5405
-0.5204
-0.48828
-0.46413
-0.43803
-0.4099
-0.38177
-0.35163
-0.32551
-0.29939
-0.27326
-0.23911
-0.21701
-0.18485
-0.16075
-0.13663
-0.12056
-0.098457
-0.070326
-0.048223
-0.02813
-0.008037
0.010046
0.036168
0.066305
0.086398
0.11051
0.12859
0.1507
0.17481
0.18888
0.20897
0.2371
0.26322
0.28733
0.3034
0.32149
0.36569
0.38377
0.40789
0.43602
0.46213
0.49028
0.5224
0.54855
0.57467
0.60278
0.62288
0.649
0.6691
0.68516
0.70727
0.72132
0.73542
0.73943
0.75348
0.75953
0.77559
0.7816
0.76554
0.74748
0.73338
0.71732
0.69321
0.65705
0.63494
0.61283
0.59273
0.57467
0.55056
0.52645
0.50834
0.48423
0.46012
0.43401
0.40588
0.38579
0.36569
0.34962
0.32952
0.30541
0.28532
0.26523
0.24112
0.21701
0.19691
0.16677
0.14266
0.11855
0.096446
0.070326
0.046213
0.022102
-0.0020093
-0.022102
-0.042195
-0.070326
-0.09243
-0.12458
-0.14668
-0.16476
-0.18285
-0.21299
-0.2371
-0.2592
-0.28532
-0.30943
-0.33957
-0.36971
-0.38579
-0.41392
-0.43602
-0.45207
-0.47218
-0.49429
-0.51439
-0.5365
-0.55861
-0.58067
-0.60278
-0.62489
-0.64499
-0.66305
-0.68316
-0.69721
-0.70927
-0.72337
-0.72938
-0.73138
-0.71732
-0.70326
-0.68316
-0.651
-0.62288
-0.60078
-0.57066
-0.54251
-0.51239
-0.48624
-0.45612
-0.42195
-0.39583
-0.36368
-0.33756
-0.31144
-0.27527
-0.25317
-0.22705
-0.20093
-0.18084
-0.16275
-0.13463
-0.12257
-0.098457
-0.066305
-0.050234
-0.022102
0.0020093
0.018084
0.036168
0.058272
0.086398
0.10046
0.12859
0.14467
0.16476
0.18687
0.21097
0.22303
0.25116
0.26724
0.2813
0.30742
0.32752
0.35364
0.37172
0.38981
0.40789
0.42798
0.45207
0.46617
0.48023
0.50434
0.5184
0.53245
0.54855
0.57467
0.59072
0.60478
0.62088
0.63694
0.65505
0.6731
0.69321
0.70527
0.71932
0.73138
0.74748
0.75953
0.76954
0.7796
0.78765
0.7937
0.7937
0.8017
0.7997
0.7997
0.7977
0.7957
0.7816
0.76554
0.74748
0.73542
0.71732
0.69521
0.6711
0.64699
0.62889
0.60478
0.58067
0.5405
0.51034
0.47823
0.45412
0.41593
0.39181
0.36368
0.33153
0.29939
0.27326
0.24915
0.22303
0.19892
0.1728
0.14869
0.12257
0.098457
0.070326
0.044205
0.02813
0.008037
-0.008037
-0.030139
-0.05224
-0.072337
-0.09243
-0.1085
-0.13463
-0.15672
-0.18485
-0.22303
-0.24915
-0.26925
-0.30139
-0.32551
-0.35364
-0.38579
-0.41392
-0.44004
-0.45812
-0.48624
-0.49829
-0.51439
-0.54651
-0.56061
-0.58672
-0.61283
-0.62689
-0.64699
-0.67511
-0.69721
-0.71332
-0.72337
-0.74143
-0.75348
-0.76154
-0.75749
-0.76554
-0.76754
-0.76954
-0.77159
-0.76954
-0.77159
-0.76754
-0.76554
-0.74948
-0.73138
-0.70727
-0.68716
-0.6651
-0.64699
-0.61683
-0.59072
-0.56061
-0.5365
-0.50434
-0.47418
-0.44807
-0.41994
-0.39583
-0.3677
-0.33555
-0.29939
-0.26925
-0.25317
-0.22705
-0.19892
-0.16878
-0.14467
-0.11051
-0.094436
-0.070326
-0.054251
-0.036168
-0.016075
-0.008037
0.010046
0.026121
0.048223
0.066305
0.078364
0.10046
0.11654
0.13261
0.14668
0.16476
0.18687
0.19691
0.215
0.23107
0.24714
0.26322
0.28331
0.29537
0.30943
0.33153
0.34761
0.36569
0.38579
0.39784
0.4099
0.42597
0.44004
0.46012
0.47823
0.49829
0.5204
0.5405
0.55456
0.57266
0.59477
0.61483
0.63294
0.651
0.6731
0.68921
0.71127
0.72737
0.74748
0.75549
0.76554
0.77759
0.7816
0.7816
0.77159
0.75749
0.74143
0.72938
0.71127
0.68316
0.65505
0.63094
0.60078
0.57467
0.5385
0.50834
0.47218
0.45007
0.41191
0.37976
0.32551
0.29738
0.27728
0.25116
0.22906
0.20093
0.17883
0.16275
0.13864
0.11855
0.086398
0.062288
0.040186
0.018084
-0.0020093
-0.022102
-0.044205
-0.060278
-0.08037
-0.094436
-0.11051
-0.13261
-0.1507
-0.16275
-0.17883
-0.19289
-0.215
-0.23509
-0.25317
-0.26724
-0.28532
-0.30943
-0.33153
-0.34962
-0.36569
-0.38377
-0.40387
-0.41593
-0.43803
-0.45612
-0.47623
-0.49228
-0.51034
-0.52845
-0.5405
-0.56261
-0.57667
-0.59273
-0.60478
-0.61483
-0.63494
-0.64099
-0.651
-0.66105
-0.67511
-0.69121
-0.70126
-0.71332
-0.71932
-0.73138
-0.72938
-0.73542
-0.73338
-0.73338
-0.71332
-0.68921
-0.66305
-0.62689
-0.57867
-0.54855
-0.5204
-0.49429
-0.46413
-0.42999
-0.39985
-0.36971
-0.33756
-0.30742
-0.27728
-0.25116
-0.22303
-0.20093
-0.17682
-0.15472
-0.13261
-0.1085
-0.088408
-0.068316
-0.046213
-0.026121
0
0.014065
0.034158
0.050234
0.062288
0.08037
0.090419
0.11252
0.13261
0.1507
0.17079
0.19088
0.20897
0.22504
0.24714
0.26121
0.28331
0.30742
0.3235
0.33153
0.35765
0.37373
0.38981
0.41793
0.43602
0.45612
0.47018
0.49629
0.51639
0.52845
0.54651
0.56261
0.58272
0.60478
0.61483
0.62489
0.64499
0.66305
0.68116
0.69321
0.70727
0.72337
0.73542
0.74343
0.75148
0.76154
0.77559
0.7796
0.78564
0.7957
0.7957
0.7997
0.7997
0.8017
0.8017
0.78564
0.77559
0.75749
0.73743
0.70727
0.68116
0.65505
0.62489
0.59878
0.57066
0.53045
0.50234
0.47623
0.44807
0.41593
0.38579
0.36168
0.33555
0.30742
0.27326
0.24313
0.21901
0.18888
0.16677
0.14266
0.11654
0.094436
0.08037
0.058272
0.034158
0.010046
-0.0040186
-0.030139
-0.056261
-0.074343
-0.084392
-0.098457
-0.10649
-0.11855
-0.13463
-0.15271
-0.16677
-0.18687
-0.20696
-0.22705
-0.24513
-0.26121
-0.27326
-0.28331
-0.3034
-0.31747
-0.34158
-0.35765
-0.37373
-0.38579
-0.40387
-0.42195
-0.44406
-0.45612
-0.47623
-0.49429
-0.51034
-0.53245
-0.55056
-0.56261
-0.57867
-0.59273
-0.60278
-0.62088
-0.63294
-0.64699
-0.65705
-0.67511
-0.68116
-0.69321
-0.70326
-0.71532
-0.72537
-0.72737
-0.73743
-0.74143
-0.75148
-0.75148
-0.75749
-0.75749
-0.75749
-0.75953
-0.75953
-0.76354
-0.74343
-0.71532
-0.69922
-0.68116
-0.65505
-0.63094
-0.60883
-0.58067
-0.55056
-0.51439
-0.48624
-0.45812
-0.42798
-0.40186
-0.36368
-0.33355
-0.30943
-0.28331
-0.25719
-0.23308
-0.20897
-0.18485
-0.15873
-0.13261
-0.11051
-0.09243
-0.074343
-0.056261
-0.040186
-0.022102
-0.0060278
0.008037
0.032149
0.042195
0.062288
0.076354
0.090419
0.10247
0.11654
0.13663
0.14467
0.16275
0.17481
0.18687
0.20294
0.21701
0.23509
0.24714
0.25719
0.27126
0.28934
0.30139
0.31345
0.3235
0.33756
0.35364
0.3677
0.38177
0.39382
0.40789
0.42396
0.44406
0.46213
0.47018
0.48624
0.50434
0.5184
0.5385
0.55056
0.56862
0.58472
0.59072
0.60478
0.62288
0.63894
0.65304
0.6671
0.67511
0.68516
0.69721
0.70927
0.72337
0.72938
0.73743
0.74748
0.75348
0.75953
0.76354
0.76554
0.75549
0.74143
0.72537
0.70727
0.68716
0.66305
0.63694
0.61483
0.58872
0.56261
0.52645
0.50234
0.47418
0.45412
0.42999
0.40789
0.37976
0.35364
0.32551
0.30541
0.27527
0.25317
0.22705
0.20696
0.18888
0.16878
0.14467
0.12257
0.10046
0.084392
0.056261
0.038177
0.018084
0
-0.020093
-0.040186
-0.054251
-0.070326
-0.08037
-0.086398
-0.10046
-0.11252
-0.12056
-0.1306
-0.13663
-0.14668
-0.16075
-0.1728
-0.18485
-0.20495
-0.215
-0.22906
-0.24513
-0.25719
-0.27326
-0.28532
-0.29738
-0.31144
-0.32149
-0.3456
-0.36168
-0.37574
-0.3878
-0.40387
-0.41593
-0.42999
-0.44807
-0.46617
-0.47823
-0.49429
-0.50634
-0.5184
-0.53045
-0.54855
-0.55861
-0.56862
-0.57867
-0.58872
-0.60683
-0.61888
-0.62889
-0.63894
-0.649
-0.65705
-0.6731
-0.68316
-0.68516
-0.69721
-0.70326
-0.70927
-0.71532
-0.72132
-0.72337
-0.72537
-0.72938
-0.72938
-0.72938
-0.71127
-0.69521
-0.6731
-0.65304
-0.62889
-0.60478
-0.58272
-0.55456
-0.5224
-0.49028
-0.46012
-0.43401
-0.40387
-0.37373
-0.34962
-0.31948
-0.28331
-0.25317
-0.22303
-0.19892
-0.17481
-0.14467
-0.12458
-0.1085
-0.090419
-0.070326
-0.05224
-0.036168
-0.014065
-0.008037
0
