0
6.4811
12.335
16.801
21.111
22.833
22.815
19.688
11.605
5.2133
-0.34696
-6.1697
-9.4169
-11.712
-13.936
-19.497
-22.935
-28.602
-34.91
-38.993
-40.207
-35.639
-24.656
-16.436
-9.5548
-3.2161
-1.7215
1.1298
2.9002
5.9784
11.401
16.592
21.841
24.901
26.044
22.517
14.337
7.9401
2.2241
-3.0737
-5.9072
-7.6109
-9.8706
-15.395
-21.303
-27.784
-35.777
-37.863
-36.262
-36.262
-24.777
-16.387
-9.4881
-3.1449
-0.52044
0.83627
2.6245
7.6465
12.909
18.086
23.527
25.96
26.827
23.442
15.102
8.7052
2.9892
-2.2953
-5.1777
-6.9659
-8.8964
-14.23
-20.155
-26.516
-34.527
-38.486
-39.945
-35.586
-24.501
-16.196
-9.279
-2.9892
-0.52044
0
-1.1476
7.3663
15.066
26.031
35.412
42.587
44.22
46.079
33.553
22.659
9.9551
-0.95637
-12.268
-14.719
-17.704
-22.971
-32.25
-45.492
-54.388
-66.305
-70.424
-71.919
-57.533
-43.25
-25.439
-9.4169
2.0328
4.3771
7.731
11.347
19.737
28.095
36.524
46.324
48.428
50.825
40.99
24.901
12.059
1.1121
-6.0451
-11.21
-13.763
-19.216
-28.531
-37.027
-50.527
-64.397
-69.503
-71.781
-61.145
-40.399
-23.144
-7.8022
-0.017793
4.8664
8.1136
12.891
18.834
27.299
36.088
46.27
50.216
51.746
40.692
24.95
12.077
4.1546
-6.2053
-10.827
-13.118
-18.505
-27.904
-40.314
-49.607
-63.507
-68.983
-71.501
-61.701
-40.71
-23.389
-8.0958
2.709
4.7418
7.5575
10.947
19.359
27.766
36.578
47.191
49.54
52.356
44.585
27.539
14.11
2.8513
-7.3663
-9.5904
-12.268
-16.401
-26.062
-37.966
-51.101
-64.846
-67.591
-71.034
-56.559
-42.223
-24.794
-9.1767
2.015
5.716
8.1669
12.909
18.803
27.174
36.142
46.915
51.137
52.578
41.057
25.23
15.813
4.1546
-6.1163
-10.355
-11.903
-16.316
-26.031
-37.966
-50.981
-64.779
-67.488
-71.051
-61.492
-40.519
-23.282
-7.9935
2.7979
4.8308
7.7488
12.095
20.453
28.669
37.881
45.63
52.058
53.049
41.822
25.853
16.525
4.724
-5.5959
-10.044
-13.171
-18.451
-25.11
-36.818
-49.869
-63.699
-68.636
-71.016
-59.424
-39.042
-21.979
-6.9837
0.64499
5.3334
5.0754
12.495
22.259
31.556
49.122
62.555
65.803
69.366
59.931
32.023
15.257
1.8949
-9.4525
-16.143
-19.15
-22.552
-35.777
-49.558
-64.535
-79.236
-84.187
-79.806
-66.986
-44.829
-17.428
-2.5043
8.8964
12.197
16.352
19.928
26.983
37.427
47.836
60.571
67.506
70.633
54.855
35.03
17.913
3.9945
-6.8636
-14.51
-18.158
-22.05
-29.852
-41.982
-54.58
-68.116
-74.023
-75.673
-60.434
-38.522
-19.443
-4.6039
11.241
13.883
17.308
22.517
29.452
36.596
46.133
58.485
68.947
70.98
55.567
35.675
18.558
4.5016
-6.2898
-13.99
-17.148
-20.053
-31.485
-38.869
-49.313
-62.538
-70.322
-72.942
-63.699
-33.379
-15.342
-1.5791
9.5414
15.293
17.895
23.126
29.954
36.925
46.706
59.112
67.315
70.215
60.398
40.746
16.178
2.5177
-8.5495
-14.457
-16.908
-22.797
-30.684
-38.037
-46.689
-64.517
-67.644
-71.051
-58.227
-36.96
-19.114
0.15569
11.503
14.475
18.349
23.073
29.781
36.471
45.821
63.489
66.932
71.572
55.741
35.879
18.714
4.6395
-6.1875
-15.186
-17.566
-21.218
-28.842
-38.922
-47.974
-60.469
-66.843
-68.48
-58.939
-38.246
-13.638
-0.41813
10.809
16.143
18.642
22.552
29.243
35.532
49.415
62.222
70.113
71.554
55.274
35.394
18.158
4.1013
-6.6012
-13.638
-16.472
-19.946
-30.826
-37.983
-46.186
-57.689
-65.175
-67.924
-52.805
-32.668
-15.76
-1.9483
13.242
15.724
17.966
26.169
37.325
49.642
72.84
93.31
97.042
100.92
80.188
42.814
13.607
-8.0468
-23.771
-25.804
-27.592
-31.987
-39.807
-53.134
-67.818
-80.295
-82.119
-82.848
-59.789
-25.769
-2.104
10.582
24.154
26.654
30.043
33.153
36.716
47.592
65.629
88.462
93.257
98.746
73.534
37.721
10.476
-4.1368
-21.093
-23.874
-27.575
-30.461
-35.706
-42.432
-54.144
-66.479
-72.248
-74.072
-51.622
-20.991
-4.4838
13.153
25.297
27.317
30.372
32.788
37.899
45.786
63.196
85.784
90.908
97.06
70.322
45.074
15.431
-5.8049
-21.32
-23.58
-25.631
-29.523
-34.438
-38.437
-47.365
-62.155
-68.302
-70.544
-48.841
-19.199
-3.1805
13.936
25.35
27.334
30.355
31.903
36.524
47.729
65.576
81.616
91.709
96.175
73.952
38.072
10.845
-9.3635
-19.532
-24.203
-25.786
-29.349
-34.073
-37.93
-45.888
-59.878
-66.238
-68.894
-47.471
-18.26
-2.5711
14.248
25.368
28.46
30.39
31.173
35.412
45.492
62.538
84.743
89.347
95.428
77.359
40.572
12.526
-7.82
-21.756
-23.616
-25.822
-28.985
-33.344
-36.836
-44.794
-58.765
-65.037
-67.626
-49.193
-19.617
1.4234
17.272
24.656
28.22
29.034
32.196
35.065
44.847
61.443
83.631
88.373
93.969
76.331
39.981
12.233
-7.9045
-21.649
-23.473
-23.7
-28.268
-32.717
-37.619
-42.952
-56.452
-63.699
-66.394
-46.168
-17.548
-2.1351
14.559
25.524
28.602
1.1476
8.634
22.343
32.094
35.03
38.869
40.764
43.65
32.321
16.507
3.5274
-7.5086
-21.476
-23.7
-25.697
-28.931
-32.823
-36.351
-42.903
-49.989
-52.614
-56.488
-42.329
-25.141
-10.164
1.5302
11.766
17.29
18.869
22.624
27.419
30.946
35.257
39.407
42.832
44.602
38.295
15.102
2.1529
-8.8964
-18.816
-23.006
-25.804
-29.349
-33.379
-37.2
-41.546
-51.052
-53.414
-56.314
-44.117
-26.952
-11.939
0.17348
14.386
16.699
30.199
30.337
34.509
37.739
44.255
52.72
62.377
79.877
93.324
103.86
107.83
111.17
108.03
102.54
92.247
71.345
41.911
23.838
8.6874
-2.6067
-16.214
-22.708
-26.952
-29.852
-31.485
-32.859
-32.459
-33.9
-35.741
-39.251
-43.059
-48.237
-55.585
-64.726
-74.245
-79.565
-80.851
-75.709
-65.731
-46.186
-28.824
-9.3502
1.4946
11
18.487
24.221
29.763
32.112
33.5
34.647
34.3
35.862
37.774
39.945
44.046
50.91
61.199
72.648
89.347
101.75
106.97
107.1
95.325
71.919
50.754
24.639
9.1055
-2.1885
-12.13
-22.223
-26.409
-29.087
-30.51
-29.034
-31.209
-32.494
-33.953
-35.55
-38.904
-42.031
-46.359
-52.093
-63.716
-73.534
-77.323
-75.882
-65.665
-45.857
-28.566
-14.701
1.3923
10.791
18.073
23.616
28.967
31.173
31.783
31.102
33.362
34.736
36.386
38.611
42.569
49.607
59.615
70.909
82.537
100.62
105.68
106.67
95.428
71.972
42.605
24.519
9.2968
-1.8238
-11.503
-21.649
-25.733
-28.286
-28.566
-28.046
-30.355
-31.591
-33.015
-34.545
-37.948
-40.973
-45.127
-50.496
-61.91
-71.937
-74.597
-77.444
-71.465
-42.414
-25.697
-12.059
-0.83182
11.939
19.043
24.274
27.748
29.905
31.049
29.469
32.806
34.318
36.16
37.966
40.488
48.495
58.383
69.521
81.198
99.409
102.62
106.13
90.944
67.715
46.862
28.776
7.2462
-3.3362
-13.1
-20.017
-25.475
-28.113
-27.557
-27.575
-30.061
-31.173
-32.752
-34.211
-36.177
-40.501
-44.585
-49.816
-57.289
-71.172
-73.676
-76.367
-66.27
-46.515
-23.126
-9.7816
1.1654
11.312
19.061
27.383
31.12
34.456
35.394
0.43593
8.3938
24.065
35.724
40.817
43.335
44.5
42.868
33.273
16.925
2.5711
-13.865
-22.695
-24.185
-27.419
-29.349
-32.058
-34.162
-36.351
-39.358
-42.538
-43.059
-38.192
-15.084
-1.1832
9.6082
18.038
21.44
22.917
25.906
28.86
32.997
36.698
41.026
42.796
42.676
30.51
14.092
0.41813
-10.858
-19.946
-24.136
-25.35
-28.811
-31.573
-33.935
-36.333
-41.546
-42.988
-43.232
-32.579
-16.77
-2.6245
8.1313
20.017
20.973
25.96
32.476
37.289
43.997
52.422
62.155
80.17
101.25
117.76
128.06
133.62
136.59
128.53
101.44
65.647
42.569
15.342
-3.2339
-17.655
-25.804
-28.393
-30.39
-32.494
-33.188
-32.806
-35.101
-38.09
-40.919
-45.194
-52.787
-61.145
-75.135
-85.437
-92.612
-95.219
-97.999
-91.571
-69.401
-39.269
-21.129
-1.2322
13.1
21.961
27.174
28.824
30.755
32.961
33.655
33.206
34.683
36.644
39.06
43.388
52.614
66.843
77.515
91.834
107.33
124.41
127.75
130.7
106.67
69.659
37.499
18.42
-0.60941
-14.577
-22.641
-26.236
-27.472
-29.158
-29.643
-29.278
-31.729
-34.527
-35.639
-37.619
-40.537
-45.247
-52.578
-63.476
-74.125
-89.067
-92.421
-94.471
-77.025
-44.362
-18.958
-0.20907
13.189
19.461
25.159
27.592
29.523
31.796
31.814
0.31138
5.6137
25.177
33.433
34.892
36.088
37.356
35.688
26.044
11.886
0.071172
-14.648
-22.33
-23.616
-25.577
-26.898
-28.584
-30.408
-32.196
-33.624
-33.188
-32.997
-25.35
-10.182
7.1572
16.143
24.118
25.488
27.873
30.079
36.836
41.182
45.439
50.042
53.223
52.404
38.539
20.626
5.8405
-4.2925
-14.145
-18.451
-20.226
-23.233
-26.965
-30.061
-32.13
-33.637
-34.145
-34.545
-28.985
-7.0193
4.9331
14.875
22.33
25.524
30.911
41.146
52.231
58.107
67.573
76.732
87.541
106.43
123.44
140.08
149.1
151.22
141.56
108.5
70.322
29.176
6.0273
-12.113
-20.591
-26.133
-28.931
-31.049
-34.162
-34.767
-34.265
-36.106
-38.504
-40.973
-44.602
-53.468
-64.966
-85.646
-97.358
-101.74
-114
-116.16
-107.37
-82.083
-37.116
-11.85
5.9784
20.19
25.141
27.712
29.469
32.023
33.535
34.056
31
35.168
37.134
44.429
51.328
65.892
79.601
94.231
107.24
122.21
141.61
144.15
143.13
115.2
64.811
32.859
9.7283
-9.2256
-18.26
-24.741
-26.689
-29.452
-31.987
-31.622
-30.808
-34.007
-35.185
-37.272
-39.669
-43.699
-53.116
-63.77
-83.787
-95.374
-112.18
-114.75
-116.77
-82.95
-45.212
-11.365
6.1697
19.652
24.292
26.08
28.513
30.337
32.441
30.857
2.5355
6.2186
24.012
32.232
33.882
34.211
35.621
33.535
28.304
8.4605
-2.3798
-12.286
-19.634
-21.948
-22.223
-24.363
-26.48
-27.766
-29.002
-28.86
-30.444
-29.607
-18.522
-3.9278
7.2284
16.418
22.988
24.621
25.003
27.143
27.766
30.911
32.494
34.371
35.657
33.78
27.49
8.3582
-2.4154
-12.197
-19.39
-21.423
-21.529
-24.047
-25.404
-27.125
-28.237
-29.923
-29.487
-29.416
-19.861
-5.3156
5.7516
15.048
23.544
24.412
26.378
33.117
40.434
51.764
72.057
84.899
116.96
139.74
162.53
173.13
165.35
164.74
151.08
99.2
51.955
10.355
-11.659
-21.565
-26.098
-29.367
-31.275
-34.109
-35.065
-36.177
-36.351
-37.165
-40.661
-48.601
-61.857
-84.205
-100.49
-111.66
-140.24
-139.11
-165.09
-166.55
-147.26
-98.017
-44.967
-1.6859
17.166
22.779
26.36
28.949
30.528
31.831
32.895
33.242
33.953
35.412
38.468
44.309
55.136
67.818
83.369
94.262
110.34
127.02
147.37
150.98
149.85
100.59
44.309
12.322
-9.279
-19.15
-21.912
-25.159
-28.357
-30.582
-31.938
-32.405
-33.015
-33.379
-34.683
-38.366
-44.762
-53.659
-71.154
-81.665
-99.929
-127.66
-147.66
-151.52
-154.84
-104.36
-39.58
-4.9687
14.528
21.285
23.98
26.569
28.429
30.181
31.467
31.676
1.5791
5.1421
21.476
30.51
32.321
32.77
33.326
32.944
23.042
10.253
0.36475
-8.1847
-14.386
-17.548
-18.14
-19.532
-21.231
-22.606
-22.815
-24.047
-24.376
-24.43
-14.074
-1.1476
8.6162
16.143
20.782
21.979
22.744
24.919
25.248
27.317
29.002
32.543
33.464
31.831
26.965
8.7763
-0.92078
-9.2078
-14.648
-16.89
-16.801
-18.42
-20.573
-21.649
-22.397
-24.065
-24.866
-24.483
-14.11
-1.1832
8.5139
15.76
19.981
22.05
21.787
33.762
37.721
45.127
61.982
82.586
96.869
122.46
150.59
164.29
169.26
167.73
154.68
86.167
36.418
0.69392
-16.196
-22.468
-26.427
-29.937
-32.161
-33.451
-34.803
-35.323
-34.959
-37.045
-40.417
-48.721
-64.637
-78.435
-103.58
-133.48
-161.04
-177.46
-185.28
-185.1
-160.38
-103.71
-34.247
5.4402
17.882
22.868
26.133
28.651
31.035
33.224
34.838
35.132
34.927
36.644
39.496
43.424
52.129
64.464
80.397
97.461
116.73
120.5
139.43
141.11
134.79
81.06
27.557
-1.806
-13.656
-18.331
-21.859
-25.804
-28.704
-30.599
-31.573
-31.227
-32.076
-32.859
-34.754
-37.547
-42.138
-51.399
-72.613
-87.225
-111.26
-136.23
-156.19
-159.86
-157.51
-86.932
-34.509
3.0248
15.36
20.088
23.909
26.031
28.446
29.923
31.449
31.783
0.64499
5.8717
17.637
28.46
31.622
32.285
31.227
32.37
27.348
9.8528
0.34696
-7.384
-12.717
-14.995
-15.222
-16.627
-18.26
-18.54
-19.688
-20.19
-20.279
-20.4
-14.666
-2.451
10.493
16.783
20.328
21.076
21.476
22.121
23.509
25.631
28.304
30.964
30.27
32.023
25.978
13.625
-0.50265
-8.0112
-12.998
-13.625
-14.337
-16.28
-17.117
-18.193
-19.078
-20.555
-21.076
-20.973
-12.544
-0.7473
8.2025
14.857
19.879
20.262
20.07
28.531
33.829
35.813
38.139
41.876
48.183
57.36
68.529
79.823
94.16
99.32
118.54
132.37
140.83
146.34
146.03
131.19
92.283
47.663
18.42
0.31138
-10.129
-15.587
-19.323
-21.948
-24.741
-27.156
-29.123
-30.982
-32.339
-33.464
-34.665
-35.03
-34.927
-35.448
-36.889
-38.437
-40.746
-44.117
-52.249
-71.71
-83.369
-95.116
-112.23
-130.67
-147.61
-160.43
-167.17
-171.88
-171.72
-155.22
-113.74
-61.772
-24.447
0.13789
12.304
17.757
21.111
23.06
25.786
28.429
30.719
32.321
33.691
34.941
36.195
36.733
36.644
37.427
38.677
39.807
41.266
43.717
47.574
53.588
61.492
70.077
79.076
87.505
96.958
99.809
111.38
120.95
121.96
121.54
88.982
48.966
20.244
1.3745
-8.376
-13.345
-16.734
-19.706
-22.504
-24.43
-26.427
-28.704
-30.946
-32.13
-32.632
-33.015
-31.987
-33.259
-33.517
-34.211
-35.168
-36.644
-38.731
-43.041
-51.172
-63.16
-76.158
-85.682
-96.175
-110.61
-127.12
-142.5
-146.95
-142.36
-101.93
-54.7
-20.675
1.0587
11.574
16.245
19.078
20.938
22.971
25.284
27.174
29.278
31.485
32.806
34.02
34.594
32.058
34.563
35.777
36.871
38.246
41.666
46.186
52.44
62.729
73.013
85.593
97.581
109.99
117.55
123.63
126.85
126.1
115.9
77.964
30.857
6.9481
-5.8894
-13.327
-16.401
-19.808
-21.267
-23.562
-26.534
-28.566
-30.319
-31.591
-32.321
-33.308
-33.624
-32.908
-34.091
-34.527
-35.879
-37.654
-40.764
-47.854
-56.23
-70.633
-81.616
-92.545
-107.18
-122
-136.64
-144.66
-148.65
-148.46
-131.59
-95.445
-37.899
-9.3324
8.4294
14.11
17.446
20.644
22.294
25.475
27.766
29.696
32.321
34.18
35.724
36.627
36.751
36.578
36.769
36.627
37.481
38.557
40.314
42.694
47.471
53.414
60.051
69.677
77.377
86.202
95.134
104.12
105.4
109.35
110.46
74.454
29.314
6.3432
-4.6929
-10.947
-13.483
-16.752
-18.678
-20.262
-22.535
-24.274
-26.6
-27.939
-28.878
-29.572
-29.799
-29.332
-29.905
-30.097
-30.493
-31.694
-33.326
-35.497
-39.616
-44.62
-51.034
-61.11
-70.825
-82.639
-93.377
-104.27
-117.6
-119.09
-113.06
-75.709
-36.244
-3.4073
6.7079
13.136
15.796
18.073
20.19
22.343
24.741
25.439
26.983
28.913
30.301
31.849
31.938
1.806
8.4783
19.007
28.531
31.485
31.573
31.849
31.556
27.383
11.797
2.6912
-4.0479
-9.6971
-11.766
-12.268
-13.38
-14.75
-15.604
-16.143
-16.543
-16.561
-16.387
-8.4605
0.95637
9.4881
15.48
18.678
19.964
20.017
21.111
22.277
23.771
25.475
29.14
29.972
30.043
21.721
10.845
2.0506
-4.3948
-9.4881
-11.347
-11.588
-12.597
-13.536
-14.301
-15.151
-16.022
-16.196
-15.898
-11.539
1.8594
10.218
15.413
18.211
18.803
15.813
28.34
31.52
32.388
33.032
33.798
35.639
37.601
40.19
43.855
48.392
54.037
60.625
67.991
77.964
84.743
93.533
102.83
110.11
111.41
116.54
117.42
111.94
79.757
44.571
12.495
-0.32917
-6.8102
-10.876
-13.434
-15.724
-17.757
-18.994
-21.685
-23.407
-24.012
-25.715
-27.09
-28.113
-28.62
-29.469
-30.025
-30.199
-30.337
-30.408
-30.826
-31.311
-32.005
-32.686
-33.864
-35.813
-38.072
-41.164
-45.505
-50.963
-57.026
-63.178
-69.695
-77.897
-86.549
-95.93
-103.61
-112.22
-122.71
-133.14
-135.13
-129.33
-86.62
-42.988
-15.498
-1.0765
6.3076
10.809
14.786
16.592
18.367
19.897
21.529
22.953
24.71
26.271
28.131
30.337
32.023
33.397
34.701
35.968
36.039
35.933
35.795
35.639
35.897
35.848
35.897
36.56
37.81
39.304
41.093
43.633
46.933
51.573
56.888
64.29
70.704
76.523
82.257
89.209
96.713
103.77
111.12
110.77
79.045
37.152
14.684
1.3033
-5.1421
-9.0165
-11.677
-13.954
-15.969
-18.002
-19.723
-21.338
-22.988
-23.736
-24.447
-25.11
-26.222
-27.036
-27.348
-26.898
-27.054
-26.689
-27.21
-27.712
-28.184
-29.051
-29.888
-30.684
-31.658
-32.423
-34.073
-36.524
-40.136
-44.327
-49.558
-55.465
-63.231
-69.73
-73.64
-83.733
-94.262
-110.98
-116.94
-115.71
-80.032
-39.896
-15.48
-2.0684
6.0273
9.8884
12.335
13.589
14.719
15.778
17.201
18.14
19.287
20.938
22.361
23.856
25.488
27.018
28.393
29.487
29.763
27.001
29.763
29.523
29.034
29.14
30.061
31.92
33.9
36.716
39.095
42.641
46.742
51.746
60.189
67.399
75.913
82.203
88.497
107.28
125.28
130.82
139.04
129.02
82.412
38.486
10.373
-0.15569
-6.5522
-10.218
-12.597
-15.293
-17.255
-19.234
-20.311
-21.894
-22.833
-24.345
-26.031
-26.965
-27.921
-28.967
-28.842
-29.176
-29.051
-28.393
-29.416
-30.582
-31.431
-32.525
-33.362
-34.127
-35.448
-37.152
-40.261
-42.796
-48.339
-53.832
-60.087
-69.521
-74.388
-86.549
-101.98
-116.56
-129.26
-134.33
-137.06
-133.2
-88.306
-36.889
-11.659
-1.459
5.0042
8.634
11.432
12.633
14.301
15.76
16.454
17.846
18.976
20.849
22.05
23.682
24.919
26.204
27.508
28.304
28.046
27.054
28.095
28.478
29.14
30.146
31.258
33.308
35.03
37.183
38.802
40.799
43.094
45.492
50.042
54.629
61.11
66.603
73.307
77.724
96.282
124.08
127.89
119.89
82.083
29.207
11.539
2.2241
-3.8566
-7.6287
-10.653
-12.58
-14.386
-16.089
-16.752
-17.913
-18.594
-19.772
-20.293
-20.938
-21.841
-22.45
-23.335
-23.598
-23.771
-23.18
-24.118
-24.568
-24.932
-25.769
-26.618
-27.521
-28.184
-29.314
-30.911
-32.512
-35.168
-38.33
-42.276
-48.374
-53.815
-61.425
-68.062
-78.191
-91.847
-110.39
-119.84
-119.04
-81.838
-33.05
-11.312
0.10231
4.168
7.3485
9.4169
10.284
11.383
12.197
13.38
14.528
15.64
17.063
18.367
20.106
21.303
22.517
23.771
25.003
25.159
1.8238
7.6287
15.324
22.103
24.554
25.35
25.439
25.124
19.688
11.659
2.4688
-2.0506
-5.6314
-6.361
-6.8636
-7.9045
-9.0521
-10.182
-10.738
-11.347
-11.401
-11.294
-6.7613
0.45372
9.1055
13.536
16.054
16.561
16.961
17.846
18.749
19.755
21.649
23.407
23.856
24.274
18.331
10.218
3.6297
-1.0587
-5.5069
-5.9784
-6.3254
-7.3173
-8.4116
-9.2256
-10.302
-11.174
-11.312
-11.258
-5.1599
1.6503
7.8734
12.388
15.689
15.987
14.457
24.012
25.978
26.707
27.663
28.896
30.51
31.729
34.145
36.818
38.468
40.901
44.117
49.486
54.735
61.666
69.241
84.779
116.52
129.43
147.42
149.67
143.51
92.39
32.494
11.294
1.3211
-4.0835
-8.4294
-10.965
-13.242
-15.048
-15.831
-17.339
-18.086
-19.479
-20.208
-20.884
-21.285
-21.841
-23.06
-24.394
-25.248
-25.266
-25.057
-25.769
-26.187
-26.845
-27.557
-27.419
-27.904
-28.393
-28.967
-29.799
-31.885
-35.515
-40.901
-46.288
-53.779
-61.581
-70.771
-86.811
-114.11
-134.96
-148.46
-148.79
-132.82
-83.769
-30.582
-9.9551
0.72951
5.0576
7.473
9.4347
10.284
11.414
12.544
13.416
14.63
15.951
17.081
18.642
19.844
20.818
21.912
23.353
24.363
24.692
24.568
25.906
27.156
26.725
27.49
28.602
30.288
31.987
33.815
34.91
36.315
38.33
40.554
42.796
45.923
50.025
54.353
61.408
77.55
102.08
125.96
132.21
134.8
89.556
31.017
7.5753
0.84961
-4.168
-7.9757
-9.5414
-11.556
-13.362
-14.283
-15.587
-16.387
-17.255
-18.296
-19.737
-20.729
-20.711
-20.119
-20.644
-21.841
-21.894
-21.685
-22.988
-24.376
-25.141
-25.871
-26.116
-26.934
-27.539
-28.01
-27.993
-28.322
-29.069
-31.12
-34.282
-37.254
-42.169
-48.254
-57.217
-69.85
-90.459
-120.92
-125.57
-128.08
-86.029
-29.59
-5.5603
1.7882
4.8841
7.7844
9.5548
10.008
11.067
11.779
12.371
13.082
13.83
14.386
15.133
16.143
17.01
17.775
18.402
19.114
19.096
17.219
19.928
21.267
22.815
25.057
26.031
26.778
27.49
28.495
29.572
31.382
33.847
36.854
40.345
44.411
49.589
63.943
84.952
119.56
148.86
165.54
167.94
161.77
103.98
44.656
9.279
1.3033
-3.7187
-7.5753
-9.7327
-11.085
-12.059
-13.225
-14.301
-14.786
-15.622
-16.61
-16.472
-16.908
-17.811
-18.887
-20.208
-21.391
-21.649
-21.685
-22.57
-23.616
-25.213
-26.689
-28.411
-29.189
-30.114
-30.755
-31.591
-32.823
-34.229
-36.039
-38.766
-43.806
-49.019
-64.57
-82.101
-111.47
-132.33
-150.32
-151.85
-143.44
-88.72
-34.318
-8.6874
1.0765
5.6982
7.8556
9.9062
10.911
11.503
12.077
12.161
12.842
13.798
14.51
15.293
16.089
17.028
18.193
18.994
19.879
19.999
19.216
20.782
22.397
23.945
25.35
26.498
27.49
27.939
28.687
28.896
28.722
29.367
30.808
32.476
34.385
36.854
43.232
57.097
75.117
106.45
142.33
147.9
148.63
96.678
40.154
7.6287
0.78289
-3.4741
-6.4633
-8.376
-9.6971
-10.774
-11.312
-11.939
-12.615
-13.1
-13.656
-14.23
-14.821
-15.658
-16.352
-16.925
-17.393
-17.375
-17.099
-18.055
-19.879
-21.391
-22.797
-23.544
-24.674
-25.524
-26.116
-27.21
-29.051
-31.173
-33.05
-34.821
-35.706
-36.871
-38.659
-43.561
-57.725
-76.612
-109.87
-118.8
-117.74
-72.195
-27.348
-7.1083
-0.60941
3.0426
5.7871
7.8867
9.3146
10.32
10.685
10.876
11.21
11.605
12.13
12.7
13.518
14.145
14.457
14.893
15.084
15.084
1.7882
4.724
11.485
14.63
14.786
15.151
15.204
15.168
12.077
7.4374
2.1885
-0.035586
-1.5791
-2.015
-2.451
-2.918
-3.6653
-4.2036
-4.6929
-4.9153
-5.0398
-5.0576
-0.8674
3.2828
6.5834
8.4783
10.097
10.355
10.565
11.241
12.024
12.771
13.242
14.301
14.386
14.475
11.45
6.8992
1.7882
-0.13789
-1.6147
-1.9795
-2.4332
-2.8513
-3.7899
-4.1191
-4.6751
-5.0398
-5.0576
-5.1244
-0.97416
3.0915
6.2364
8.029
9.626
9.835
8.8964
14.283
15.796
16.89
17.673
18.038
18.629
19.514
20.382
21.405
22.361
23.197
24.1
24.83
26.098
28.01
30.252
33.709
40.884
51.831
66.706
78.347
98.47
129.33
155.13
175.1
